0.376945,0.193209
0.376945,0.376945
0.376945,0.215473
0.376945,0.376945
0.376945,0.213094
0.376945,0.376945
0.376945,0.219283
0.376945,0.376945
0.376945,0.211647
0.376945,0.376945
0.376945,0.2171
0.376945,0.376945
0.376945,0.211347
0.376945,0.376945
0.376945,0.206438
0.376945,0.376945
0.376945,0.218658
0.376945,0.376945
0.376945,0.217781
0.376945,0.376945
0.376945,0.225112
0.376945,0.376945
0.376945,0.210566
0.376945,0.376945
0.376945,0.230029
0.376945,0.376945
0.376945,0.220224
0.376945,0.376945
0.376945,0.219071
0.376945,0.376945
0.376945,0.221684
0.376945,0.376945
0.376945,0.214656
0.376945,0.376945
0.376945,0.210382
0.376945,0.376945
0.376945,0.210613
0.376945,0.376945
0.376945,0.212066
0.376945,0.376945
0.376945,0.219521
0.376945,0.376945
0.376945,0.225951
0.376945,0.376945
0.376945,0.218328
0.376945,0.376945
0.376945,0.223244
0.376945,0.376945
0.376945,0.216395
0.376945,0.376945
0.376945,0.224837
0.376945,0.376945
0.376945,0.223334
0.376945,0.376945
0.376945,0.214771
0.376945,0.376945
0.376945,0.214751
0.376945,0.376945
0.376945,0.221533
0.376945,0.376945
0.376945,0.230805
0.376945,0.376945
0.376945,0.224489
0.376945,0.376945
0.376945,0.233898
0.376945,0.376945
0.376945,0.220043
0.376945,0.376945
0.376945,0.21632
0.376945,0.376945
0.376945,0.227392
0.376945,0.376945
0.376945,0.210446
0.376945,0.376945
0.376945,0.211975
0.376945,0.376945
0.376945,0.20991
0.376945,0.376945
0.376945,0.209809
0.376945,0.376945
0.376945,0.229453
0.376945,0.376945
0.376945,0.208911
0.376945,0.376945
0.376945,0.222507
0.376945,0.376945
0.376945,0.209081
0.376945,0.376945
0.376945,0.219046
0.376945,0.376945
0.376945,0.213377
0.376945,0.376945
0.376945,0.212893
0.376945,0.376945
0.376945,0.220772
0.376945,0.376945
0.376945,0.220194
0.376945,0.376945
0.376945,0.237116
0.376945,0.376945
0.376945,0.21709
0.376945,0.376945
0.376945,0.229828
0.376945,0.376945
0.376945,0.236895
0.376945,0.376945
0.376945,0.221326
0.376945,0.376945
0.376945,0.238393
0.376945,0.376945
0.376945,0.237623
0.376945,0.376945
0.376945,0.212618
0.376945,0.376945
0.376945,0.223203
0.376945,0.376945
0.376945,0.225658
0.376945,0.376945
0.376945,0.220076
0.376945,0.376945
0.376945,0.224842
0.376945,0.376945
0.376945,0.223211
0.376945,0.376945
0.376945,0.22438
0.376945,0.376945
0.376945,0.21155
0.376945,0.376945
0.376945,0.236348
0.376945,0.376945
0.376945,0.208424
0.376945,0.376945
0.376945,0.215895
0.376945,0.376945
0.376945,0.234286
0.376945,0.376945
0.376945,0.214538
0.376945,0.376945
0.376945,0.207343
0.376945,0.376945
0.376945,0.224772
0.376945,0.376945
0.376945,0.205694
0.376945,0.376945
0.376945,0.21139
0.376945,0.376945
0.376945,0.228455
0.376945,0.376945
0.376945,0.206667
0.376945,0.376945
0.376945,0.203562
0.376945,0.376945
0.376945,0.236805
0.376945,0.376945
0.376945,0.209764
0.376945,0.376945
0.376945,0.215897
0.376945,0.376945
0.376945,0.215473
0.376945,0.376945
0.376945,0.232591
0.376945,0.376945
0.376945,0.219311
0.376945,0.376945
0.376945,0.21197
0.376945,0.376945
0.376945,0.220216
0.376945,0.376945
0.376945,0.239332
0.376945,0.376945
0.376945,0.211138
0.376945,0.376945
0.376945,0.210157
0.376945,0.376945
0.376945,0.237225
0.376945,0.376945
0.376945,0.219563
0.376945,0.376945
0.376945,0.217302
0.376945,0.376945
0.376945,0.225687
0.376945,0.376945
0.376945,0.201162
0.376945,0.376945
0.376945,0.223711
0.376945,0.376945
0.376945,0.218416
0.376945,0.376945
0.376945,0.22936
0.376945,0.376945
0.376945,0.238779
0.376945,0.376945
0.376945,0.226343
0.376945,0.376945
0.376945,0.209705
0.376945,0.376945
0.376945,0.211406
0.376945,0.376945
0.376945,0.212015
0.376945,0.376945
0.376945,0.206882
0.376945,0.376945
0.376945,0.217351
0.376945,0.376945
0.376945,0.208144
0.376945,0.376945
0.376945,0.207345
0.376945,0.376945
0.376945,0.21526
0.376945,0.376945
0.376945,0.213711
0.376945,0.376945
0.376945,0.216495
0.376945,0.376945
0.376945,0.20702
0.376945,0.376945
0.376945,0.230098
0.376945,0.376945
0.376945,0.202905
0.376945,0.376945
0.376945,0.217068
0.376945,0.376945
0.376945,0.209089
0.376945,0.376945
0.376945,0.22348
0.376945,0.376945
0.376945,0.221837
0.376945,0.376945
0.376945,0.211311
0.376945,0.376945
0.376945,0.227402
0.376945,0.376945
0.376945,0.23413
0.376945,0.376945
0.376945,0.223945
0.376945,0.376945
0.376945,0.230003
0.376945,0.376945
0.376945,0.226341
0.376945,0.376945
0.376945,0.203471
0.376945,0.376945
0.376945,0.216154
0.376945,0.376945
0.376945,0.220554
0.376945,0.376945
0.376945,0.22195
0.376945,0.376945
0.376945,0.208427
0.376945,0.376945
0.376945,0.225581
0.376945,0.376945
0.376945,0.222412
0.376945,0.376945
0.376945,0.21984
0.376945,0.376945
0.376945,0.223531
0.376945,0.376945
0.376945,0.210297
0.376945,0.376945
0.376945,0.218275
0.376945,0.376945
0.376945,0.223026
0.376945,0.376945
0.376945,0.209571
0.376945,0.376945
0.376945,0.213409
0.376945,0.376945
0.376945,0.210325
0.376945,0.376945
0.376945,0.211962
0.376945,0.376945
0.376945,0.214037
0.376945,0.376945
0.376945,0.218786
0.376945,0.376945
0.376945,0.223669
0.376945,0.376945
0.376945,0.210225
0.376945,0.376945
0.376945,0.228923
0.376945,0.376945
0.376945,0.229556
0.376945,0.376945
0.376945,0.222746
0.376945,0.376945
0.376945,0.2202
0.376945,0.376945
0.376945,0.231972
0.376945,0.376945
0.376945,0.219721
0.376945,0.376945
0.376945,0.207959
0.376945,0.376945
0.376945,0.230947
0.376945,0.376945
0.376945,0.230133
0.376945,0.376945
0.376945,0.229561
0.376945,0.376945
0.376945,0.220519
0.376945,0.376945
0.376945,0.2316
0.376945,0.376945
0.376945,0.2161
0.376945,0.376945
0.376945,0.215992
0.376945,0.376945
0.376945,0.216393
0.376945,0.376945
0.376945,0.209821
0.376945,0.376945
0.376945,0.219848
0.376945,0.376945
0.376945,0.226446
0.376945,0.376945
0.376945,0.224392
0.376945,0.376945
0.376945,0.21831
0.376945,0.376945
0.376945,0.213317
0.376945,0.376945
0.376945,0.202125
0.376945,0.376945
0.376945,0.206694
0.376945,0.376945
0.376945,0.228638
0.376945,0.376945
0.376945,0.206117
0.376945,0.376945
0.376945,0.21733
0.376945,0.376945
0.376945,0.223299
0.376945,0.376945
0.376945,0.212039
0.376945,0.376945
0.376945,0.217498
0.376945,0.376945
0.376945,0.223944
0.376945,0.376945
0.376945,0.205472
0.376945,0.376945
0.376945,0.207528
0.376945,0.376945
0.376945,0.221302
0.376945,0.376945
0.376945,0.207844
0.376945,0.376945
0.376945,0.217332
0.376945,0.376945
0.376945,0.215387
0.376945,0.376945
0.376945,0.225768
0.376945,0.376945
0.376945,0.231695
0.376945,0.376945
0.376945,0.205042
0.376945,0.376945
0.376945,0.223161
0.376945,0.376945
0.376945,0.21882
0.376945,0.376945
0.376945,0.217536
0.376945,0.376945
0.376945,0.234789
0.376945,0.376945
0.376945,0.227462
0.376945,0.376945
0.376945,0.219692
0.376945,0.376945
0.376945,0.220817
0.376945,0.376945
0.376945,0.223698
0.376945,0.376945
0.376945,0.209757
0.376945,0.376945
0.376945,0.211836
0.376945,0.376945
0.376945,0.218766
0.376945,0.376945
0.376945,0.226071
0.376945,0.376945
0.376945,0.21006
0.376945,0.376945
0.376945,0.207413
0.376945,0.376945
0.376945,0.205034
0.376945,0.376945
0.376945,0.20984
0.376945,0.376945
0.376945,0.233767
0.376945,0.376945
0.376945,0.214387
0.376945,0.376945
0.376945,0.210949
0.376945,0.376945
0.376945,0.209341
0.376945,0.376945
0.376945,0.207258
0.376945,0.376945
0.376945,0.207489
0.376945,0.376945
0.376945,0.211916
0.376945,0.376945
0.376945,0.215663
0.376945,0.376945
0.376945,0.212659
0.376945,0.376945
0.376945,0.236506
0.376945,0.376945
0.376945,0.234924
0.376945,0.376945
0.376945,0.210904
0.376945,0.376945
0.376945,0.210591
0.376945,0.376945
0.376945,0.206285
0.376945,0.376945
0.376945,0.218215
0.376945,0.376945
0.376945,0.206526
0.376945,0.376945
0.376945,0.222972
0.376945,0.376945
0.376945,0.231233
0.376945,0.376945
0.376945,0.218995
0.376945,0.376945
0.376945,0.219764
0.376945,0.376945
0.376945,0.216968
0.376945,0.376945
0.376945,0.205928
0.376945,0.376945
0.376945,0.220964
0.376945,0.376945
0.376945,0.228231
0.376945,0.376945
0.376945,0.205309
0.376945,0.376945
0.376945,0.227474
0.376945,0.376945
0.376945,0.208937
0.376945,0.376945
0.376945,0.234642
0.376945,0.376945
0.376945,0.204471
0.376945,0.376945
0.376945,0.215456
0.376945,0.376945
0.376945,0.210088
0.376945,0.376945
0.376945,0.207064
0.376945,0.376945
0.376945,0.214211
0.376945,0.376945
0.376945,0.209614
0.376945,0.376945
0.376945,0.209818
0.376945,0.376945
0.376945,0.218845
0.376945,0.376945
0.376945,0.209515
0.376945,0.376945
0.376945,0.208944
0.376945,0.376945
0.376945,0.209371
0.376945,0.376945
0.376945,0.207819
0.376945,0.376945
0.376945,0.206654
0.376945,0.376945
0.376945,0.206914
0.376945,0.376945
0.376945,0.212686
0.376945,0.376945
0.376945,0.219176
0.376945,0.376945
0.376945,0.21839
0.376945,0.376945
0.376945,0.214482
0.376945,0.376945
0.376945,0.219555
0.376945,0.376945
0.376945,0.204598
0.376945,0.376945
0.376945,0.212946
0.376945,0.376945
0.376945,0.237849
0.376945,0.376945
0.376945,0.208994
0.376945,0.376945
0.376945,0.222636
0.376945,0.376945
0.376945,0.217011
0.376945,0.376945
0.376945,0.214687
0.376945,0.376945
0.376945,0.222349
0.376945,0.376945
0.376945,0.232602
0.376945,0.376945
0.376945,0.201861
0.376945,0.376945
0.376945,0.221221
0.376945,0.376945
0.376945,0.21126
0.376945,0.376945
0.376945,0.229797
0.376945,0.376945
0.376945,0.212776
0.376945,0.376945
0.376945,0.210802
0.376945,0.376945
0.376945,0.209459
0.376945,0.376945
0.376945,0.210893
0.376945,0.376945
0.376945,0.222125
0.376945,0.376945
0.376945,0.207903
0.376945,0.376945
0.376945,0.211473
0.376945,0.376945
0.376945,0.217375
0.376945,0.376945
0.376945,0.209122
0.376945,0.376945
0.376945,0.21138
0.376945,0.376945
0.376945,0.204116
0.376945,0.376945
0.376945,0.20371
0.376945,0.376945
0.376945,0.220924
0.376945,0.376945
0.376945,0.20838
0.376945,0.376945
0.376945,0.216038
0.376945,0.376945
0.376945,0.222116
0.376945,0.376945
0.376945,0.227533
0.376945,0.376945
0.376945,0.214026
0.376945,0.376945
0.376945,0.220881
0.376945,0.376945
0.376945,0.215332
0.376945,0.376945
0.376945,0.204463
0.376945,0.376945
0.376945,0.20784
0.376945,0.376945
0.376945,0.203772
0.376945,0.376945
0.376945,0.217192
0.376945,0.376945
0.376945,0.217694
0.376945,0.376945
0.376945,0.211385
0.376945,0.376945
0.376945,0.204128
0.376945,0.376945
0.376945,0.201723
0.376945,0.376945
0.376945,0.204285
0.376945,0.376945
0.376945,0.213995
0.376945,0.376945
0.376945,0.205482
0.376945,0.376945
0.376945,0.219274
0.376945,0.376945
0.376945,0.212071
0.376945,0.376945
0.376945,0.204718
0.376945,0.376945
0.376945,0.209399
0.376945,0.376945
0.376945,0.215469
0.376945,0.376945
0.376945,0.212753
0.376945,0.376945
0.376945,0.211504
0.376945,0.376945
0.376945,0.209969
0.376945,0.376945
0.376945,0.206215
0.376945,0.376945
0.376945,0.208682
0.376945,0.376945
0.376945,0.210866
0.376945,0.376945
0.376945,0.209288
0.376945,0.376945
0.376945,0.214298
0.376945,0.376945
0.376945,0.205659
0.376945,0.376945
0.376945,0.211717
0.376945,0.376945
0.376945,0.217673
0.376945,0.376945
0.376945,0.209918
0.376945,0.376945
0.376945,0.230763
0.376945,0.376945
0.376945,0.221403
0.376945,0.376945
0.376945,0.220449
0.376945,0.376945
0.376945,0.209946
0.376945,0.376945
0.376945,0.205597
0.376945,0.376945
0.376945,0.228458
0.376945,0.376945
0.376945,0.206356
0.376945,0.376945
0.376945,0.222521
0.376945,0.376945
0.376945,0.204409
0.376945,0.376945
0.376945,0.202086
0.376945,0.376945
0.376945,0.20813
0.376945,0.376945
0.376945,0.205474
0.376945,0.376945
0.376945,0.206159
0.376945,0.376945
0.376945,0.204665
0.376945,0.376945
0.376945,0.213686
0.376945,0.376945
0.376945,0.214501
0.376945,0.376945
0.376945,0.217367
0.376945,0.376945
0.376945,0.2095
0.376945,0.376945
0.376945,0.207254
0.376945,0.376945
0.376945,0.201748
0.376945,0.376945
0.376945,0.206882
0.376945,0.376945
0.376945,0.208217
0.376945,0.376945
0.376945,0.211623
0.376945,0.376945
0.376945,0.201699
0.376945,0.376945
0.376945,0.214915
0.376945,0.376945
0.376945,0.203916
0.376945,0.376945
0.376945,0.211846
0.376945,0.376945
0.376945,0.217602
0.376945,0.376945
0.376945,0.209234
0.376945,0.376945
0.376945,0.20668
0.376945,0.376945
0.376945,0.207036
0.376945,0.376945
0.376945,0.203939
0.376945,0.376945
0.376945,0.204885
0.376945,0.376945
0.376945,0.20955
0.376945,0.376945
0.376945,0.203515
0.376945,0.376945
0.376945,0.210109
0.376945,0.376945
0.376945,0.212296
0.376945,0.376945
0.376945,0.214212
0.376945,0.376945
0.376945,0.203158
0.376945,0.376945
0.376945,0.20434
0.376945,0.376945
0.376945,0.201249
0.376945,0.376945
0.376945,0.204489
0.376945,0.376945
0.376945,0.206403
0.376945,0.376945
0.376945,0.205114
0.376945,0.376945
0.376945,0.214427
0.376945,0.376945
0.376945,0.207147
0.376945,0.376945
0.376945,0.208542
0.376945,0.376945
0.376945,0.206482
0.376945,0.376945
0.376945,0.20349
0.376945,0.376945
0.376945,0.203348
0.376945,0.376945
0.376945,0.203768
0.376945,0.376945
0.376945,0.204558
0.376945,0.376945
0.376945,0.206743
0.376945,0.376945
0.376945,0.212065
0.376945,0.376945
0.376945,0.211636
0.376945,0.376945
0.376945,0.20501
0.376945,0.376945
0.376945,0.205279
0.376945,0.376945
0.376945,0.206943
0.376945,0.376945
0.376945,0.206762
0.376945,0.376945
0.376945,0.204709
0.376945,0.376945
0.376945,0.211559
0.376945,0.376945
0.376945,0.203933
0.376945,0.376945
0.376945,0.207487
0.376945,0.376945
0.376945,0.205993
0.376945,0.376945
0.376945,0.207291
0.376945,0.376945
0.376945,0.204896
0.376945,0.376945
0.376945,0.20554
0.376945,0.376945
0.376945,0.228256
0.376945,0.376945
0.376945,0.221317
0.376945,0.376945
0.376945,0.205551
0.376945,0.376945
0.376945,0.204026
0.376945,0.376945
0.376945,0.206377
0.376945,0.376945
0.376945,0.202434
0.376945,0.376945
0.376945,0.204539
0.376945,0.376945
0.376945,0.204463
0.376945,0.376945
0.376945,0.207829
0.376945,0.376945
0.376945,0.216661
0.376945,0.376945
0.376945,0.207842
0.376945,0.376945
0.376945,0.210506
0.376945,0.376945
0.376945,0.209162
0.376945,0.376945
0.376945,0.206918
0.376945,0.376945
0.376945,0.202947
0.376945,0.376945
0.376945,0.201375
0.376945,0.376945
0.376945,0.20527
0.376945,0.376945
0.376945,0.204609
0.376945,0.376945
0.376945,0.202709
0.376945,0.376945
0.376945,0.205137
0.376945,0.376945
0.376945,0.206035
0.376945,0.376945
0.376945,0.203851
0.376945,0.376945
0.376945,0.201392
0.376945,0.376945
0.376945,0.200232
0.376945,0.376945
0.376945,0.209784
0.376945,0.376945
0.376945,0.20088
0.376945,0.376945
0.376945,0.204576
0.376945,0.376945
0.376945,0.203243
0.376945,0.376945
0.376945,0.204197
0.376945,0.376945
0.376945,0.212378
0.376945,0.376945
0.376945,0.204709
0.376945,0.376945
0.376945,0.211042
0.376945,0.376945
0.376945,0.201837
0.376945,0.376945
0.376945,0.203195
0.376945,0.376945
0.376945,0.203891
0.376945,0.376945
0.376945,0.203745
0.376945,0.376945
0.376945,0.20431
0.376945,0.376945
0.376945,0.206746
0.376945,0.376945
0.376945,0.204374
0.376945,0.376945
0.376945,0.204262
0.376945,0.376945
0.376945,0.203738
0.376945,0.376945
0.376945,0.210549
0.376945,0.376945
0.376945,0.210919
0.376945,0.376945
0.376945,0.202991
0.376945,0.376945
0.376945,0.201122
0.376945,0.376945
0.376945,0.205794
0.376945,0.376945
0.376945,0.203568
0.376945,0.376945
0.376945,0.205295
0.376945,0.376945
0.376945,0.202357
0.376945,0.376945
0.376945,0.208221
0.376945,0.376945
0.376945,0.203352
0.376945,0.376945
0.376945,0.203214
0.376945,0.376945
0.376945,0.201643
0.376945,0.376945
0.376945,0.20571
0.376945,0.376945
0.376945,0.20882
0.376945,0.376945
0.376945,0.203644
0.376945,0.376945
0.376945,0.204728
0.376945,0.376945
0.376945,0.203244
0.376945,0.376945
0.376945,0.201972
0.376945,0.376945
0.376945,0.20451
0.376945,0.376945
0.376945,0.201213
0.376945,0.376945
0.376945,0.202299
0.376945,0.376945
0.376945,0.201052
0.376945,0.376945
0.376945,0.203894
0.376945,0.376945
0.376945,0.20652
0.376945,0.376945
0.376945,0.20107
0.376945,0.376945
0.376945,0.205936
0.376945,0.376945
0.376945,0.204566
0.376945,0.376945
0.376945,0.207059
0.376945,0.376945
0.376945,0.203149
0.376945,0.376945
0.376945,0.201621
0.376945,0.376945
0.376945,0.202174
0.376945,0.376945
0.376945,0.203083
0.376945,0.376945
0.376945,0.20876
0.376945,0.376945
0.376945,0.205376
0.376945,0.376945
0.376945,0.200433
0.376945,0.376945
0.376945,0.20311
0.376945,0.376945
0.376945,0.206024
0.376945,0.376945
0.376945,0.200292
0.376945,0.376945
0.376945,0.200322
0.376945,0.376945
0.376945,0.200809
0.376945,0.376945
0.376945,0.202637
0.376945,0.376945
0.376945,0.202737
0.376945,0.376945
0.376945,0.206851
0.376945,0.376945
0.376945,0.201685
0.376945,0.376945
0.376945,0.20579
0.376945,0.376945
0.376945,0.201915
0.376945,0.376945
0.376945,0.202607
0.376945,0.376945
0.376945,0.203068
0.376945,0.376945
0.376945,0.206839
0.376945,0.376945
0.376945,0.202381
0.376945,0.376945
0.376945,0.204871
0.376945,0.376945
0.376945,0.204884
0.376945,0.376945
0.376945,0.202063
0.376945,0.376945
0.376945,0.201427
0.376945,0.376945
0.376945,0.202661
0.376945,0.376945
0.376945,0.202463
0.376945,0.376945
0.376945,0.203677
0.376945,0.376945
0.376945,0.203124
0.376945,0.376945
0.376945,0.205862
0.376945,0.376945
0.376945,0.204436
0.376945,0.376945
0.376945,0.203175
0.376945,0.376945
0.376945,0.201094
0.376945,0.376945
0.376945,0.205829
0.376945,0.376945
0.376945,0.204277
0.376945,0.376945
0.376945,0.203722
0.376945,0.376945
0.376945,0.204145
0.376945,0.376945
0.376945,0.202597
0.376945,0.376945
0.376945,0.203307
0.376945,0.376945
0.376945,0.202548
0.376945,0.376945
0.376945,0.201672
0.376945,0.376945
0.376945,0.203106
0.376945,0.376945
0.376945,0.202337
0.376945,0.376945
0.376945,0.207612
0.376945,0.376945
0.376945,0.203789
0.376945,0.376945
0.376945,0.20131
0.376945,0.376945
0.376945,0.20435
0.376945,0.376945
0.376945,0.201878
0.376945,0.376945
0.376945,0.204958
0.376945,0.376945
0.376945,0.202717
0.376945,0.376945
0.376945,0.205541
0.376945,0.376945
0.376945,0.203265
0.376945,0.376945
0.376945,0.203002
0.376945,0.376945
0.376945,0.202451
0.376945,0.376945
0.376945,0.204424
0.376945,0.376945
0.376945,0.203928
0.376945,0.376945
0.376945,0.204891
0.376945,0.376945
0.376945,0.20496
0.376945,0.376945
0.376945,0.208168
0.376945,0.376945
0.376945,0.201986
0.376945,0.376945
0.376945,0.204947
0.376945,0.376945
0.376945,0.204424
0.376945,0.376945
0.376945,0.205503
0.376945,0.376945
0.376945,0.203041
0.376945,0.376945
0.376945,0.201122
0.376945,0.376945
0.376945,0.207068
0.376945,0.376945
0.376945,0.207405
0.376945,0.376945
0.376945,0.202781
0.376945,0.376945
0.376945,0.206109
0.376945,0.376945
0.376945,0.207428
0.376945,0.376945
0.376945,0.204035
0.376945,0.376945
0.376945,0.202711
0.376945,0.376945
0.376945,0.205563
0.376945,0.376945
0.376945,0.206965
0.376945,0.376945
0.376945,0.211221
0.376945,0.376945
0.376945,0.212763
0.376945,0.376945
0.376945,0.204865
0.376945,0.376945
0.376945,0.206169
0.376945,0.376945
0.376945,0.208621
0.376945,0.376945
0.376945,0.204219
0.376945,0.376945
0.376945,0.20327
0.376945,0.376945
0.376945,0.20577
0.376945,0.376945
0.376945,0.20685
0.376945,0.376945
0.376945,0.208398
0.376945,0.376945
0.376945,0.20338
0.376945,0.376945
0.376945,0.201821
0.376945,0.376945
0.376945,0.205989
0.376945,0.376945
0.376945,0.202661
0.376945,0.376945
0.376945,0.20271
0.376945,0.376945
0.376945,0.205777
0.376945,0.376945
0.376945,0.210769
0.376945,0.376945
0.376945,0.205502
0.376945,0.376945
0.376945,0.20861
0.376945,0.376945
0.376945,0.206856
0.376945,0.376945
0.376945,0.209243
0.376945,0.376945
0.376945,0.205087
0.376945,0.376945
0.376945,0.203532
0.376945,0.376945
0.376945,0.21022
0.376945,0.376945
0.376945,0.203401
0.376945,0.376945
0.376945,0.209159
0.376945,0.376945
0.376945,0.212216
0.376945,0.376945
0.376945,0.205167
0.376945,0.376945
0.376945,0.202119
0.376945,0.376945
0.376945,0.204155
0.376945,0.376945
0.376945,0.20514
0.376945,0.376945
0.376945,0.206455
0.376945,0.376945
0.376945,0.207706
0.376945,0.376945
0.376945,0.204478
0.376945,0.376945
0.376945,0.204213
0.376945,0.376945
0.376945,0.20561
0.376945,0.376945
0.376945,0.207229
0.376945,0.376945
0.376945,0.213557
0.376945,0.376945
0.376945,0.21297
0.376945,0.376945
0.376945,0.210426
0.376945,0.376945
0.376945,0.20532
0.376945,0.376945
0.376945,0.211598
0.376945,0.376945
0.376945,0.203099
0.376945,0.376945
0.376945,0.202884
0.376945,0.376945
0.376945,0.203114
0.376945,0.376945
0.376945,0.208061
0.376945,0.376945
0.376945,0.205562
0.376945,0.376945
0.376945,0.205069
0.376945,0.376945
0.376945,0.204663
0.376945,0.376945
0.376945,0.202955
0.376945,0.376945
0.376945,0.204768
0.376945,0.376945
0.376945,0.203502
0.376945,0.376945
0.376945,0.204828
0.376945,0.376945
0.376945,0.204455
0.376945,0.376945
0.376945,0.208604
0.376945,0.376945
0.376945,0.208248
0.376945,0.376945
0.376945,0.208922
0.376945,0.376945
0.376945,0.209011
0.376945,0.376945
0.376945,0.207512
0.376945,0.376945
0.376945,0.203292
0.376945,0.376945
0.376945,0.203965
0.376945,0.376945
0.376945,0.20617
0.376945,0.376945
0.376945,0.208679
0.376945,0.376945
0.376945,0.20838
0.376945,0.376945
0.376945,0.204653
0.376945,0.376945
0.376945,0.209289
0.376945,0.376945
0.376945,0.207557
0.376945,0.376945
0.376945,0.212141
0.376945,0.376945
0.376945,0.206726
0.376945,0.376945
0.376945,0.209782
0.376945,0.376945
0.376945,0.215422
0.376945,0.376945
0.376945,0.205336
0.376945,0.376945
0.376945,0.20612
0.376945,0.376945
0.376945,0.208747
0.376945,0.376945
0.376945,0.208147
0.376945,0.376945
0.376945,0.203665
0.376945,0.376945
0.376945,0.207365
0.376945,0.376945
0.376945,0.21416
0.376945,0.376945
0.376945,0.205389
0.376945,0.376945
0.376945,0.202928
0.376945,0.376945
0.376945,0.211933
0.376945,0.376945
0.376945,0.212088
0.376945,0.376945
0.376945,0.210728
0.376945,0.376945
0.376945,0.203779
0.376945,0.376945
0.376945,0.206334
0.376945,0.376945
0.376945,0.204151
0.376945,0.376945
0.376945,0.217484
0.376945,0.376945
0.376945,0.213112
0.376945,0.376945
0.376945,0.214359
0.376945,0.376945
0.376945,0.207026
0.376945,0.376945
0.376945,0.207288
0.376945,0.376945
0.376945,0.207561
0.376945,0.376945
0.376945,0.208057
0.376945,0.376945
0.376945,0.21148
0.376945,0.376945
0.376945,0.22143
0.376945,0.376945
0.376945,0.206943
0.376945,0.376945
0.376945,0.209873
0.376945,0.376945
0.376945,0.203018
0.376945,0.376945
0.376945,0.213968
0.376945,0.376945
0.376945,0.209751
0.376945,0.376945
0.376945,0.208966
0.376945,0.376945
0.376945,0.22514
0.376945,0.376945
0.376945,0.210387
0.376945,0.376945
0.376945,0.208202
0.376945,0.376945
0.376945,0.21177
0.376945,0.376945
0.376945,0.207587
0.376945,0.376945
0.376945,0.209487
0.376945,0.376945
0.376945,0.207163
0.376945,0.376945
0.376945,0.207116
0.376945,0.376945
0.376945,0.209362
0.376945,0.376945
0.376945,0.207024
0.376945,0.376945
0.376945,0.209052
0.376945,0.376945
0.376945,0.217302
0.376945,0.376945
0.376945,0.208986
0.376945,0.376945
0.376945,0.224634
0.376945,0.376945
0.376945,0.211419
0.376945,0.376945
0.376945,0.206527
0.376945,0.376945
0.376945,0.211918
0.376945,0.376945
0.376945,0.210318
0.376945,0.376945
0.376945,0.223762
0.376945,0.376945
0.376945,0.209737
0.376945,0.376945
0.376945,0.211535
0.376945,0.376945
0.376945,0.212582
0.376945,0.376945
0.376945,0.203155
0.376945,0.376945
0.376945,0.215594
0.376945,0.376945
0.376945,0.211971
0.376945,0.376945
0.376945,0.212616
0.376945,0.376945
0.376945,0.205184
0.376945,0.376945
0.376945,0.213416
0.376945,0.376945
0.376945,0.214655
0.376945,0.376945
0.376945,0.208903
0.376945,0.376945
0.376945,0.213248
0.376945,0.376945
0.376945,0.207148
0.376945,0.376945
0.376945,0.21431
0.376945,0.376945
0.376945,0.211276
0.376945,0.376945
0.376945,0.219201
0.376945,0.376945
0.376945,0.211891
0.376945,0.376945
0.376945,0.218647
0.376945,0.376945
0.376945,0.206166
0.376945,0.376945
0.376945,0.202395
0.376945,0.376945
0.376945,0.210072
0.376945,0.376945
0.376945,0.207705
0.376945,0.376945
0.376945,0.208292
0.376945,0.376945
0.376945,0.211983
0.376945,0.376945
0.376945,0.223525
0.376945,0.376945
0.376945,0.222042
0.376945,0.376945
0.376945,0.226796
0.376945,0.376945
0.376945,0.214593
0.376945,0.376945
0.376945,0.213206
0.376945,0.376945
0.376945,0.213046
0.376945,0.376945
0.376945,0.215851
0.376945,0.376945
0.376945,0.220898
0.376945,0.376945
0.376945,0.207995
0.376945,0.376945
0.376945,0.21444
0.376945,0.376945
0.376945,0.213477
0.376945,0.376945
0.376945,0.209501
0.376945,0.376945
0.376945,0.213717
0.376945,0.376945
0.376945,0.227907
0.376945,0.376945
0.376945,0.222431
0.376945,0.376945
0.376945,0.208654
0.376945,0.376945
0.376945,0.210545
0.376945,0.376945
0.376945,0.218877
0.376945,0.376945
0.376945,0.211566
0.376945,0.376945
0.376945,0.212304
0.376945,0.376945
0.376945,0.20777
0.376945,0.376945
0.376945,0.214741
0.376945,0.376945
0.376945,0.210623
0.376945,0.376945
0.376945,0.224055
0.376945,0.376945
0.376945,0.22102
0.376945,0.376945
0.376945,0.210902
0.376945,0.376945
0.376945,0.219742
0.376945,0.376945
0.376945,0.207277
0.376945,0.376945
0.376945,0.209946
0.376945,0.376945
0.376945,0.204612
0.376945,0.376945
0.376945,0.212709
0.376945,0.376945
0.376945,0.211946
0.376945,0.376945
0.376945,0.210133
0.376945,0.376945
0.376945,0.232033
0.376945,0.376945
0.376945,0.220945
0.376945,0.376945
0.376945,0.210491
0.376945,0.376945
0.376945,0.223042
0.376945,0.376945
0.376945,0.213488
0.376945,0.376945
0.376945,0.215327
0.376945,0.376945
0.376945,0.210849
0.376945,0.376945
0.376945,0.218468
0.376945,0.376945
0.376945,0.218483
0.376945,0.376945
0.376945,0.219365
0.376945,0.376945
0.376945,0.207419
0.376945,0.376945
0.376945,0.223585
0.376945,0.376945
0.376945,0.219524
0.376945,0.376945
0.376945,0.226671
0.376945,0.376945
0.376945,0.220726
0.376945,0.376945
0.376945,0.216468
0.376945,0.376945
0.376945,0.213118
0.376945,0.376945
0.376945,0.218984
0.376945,0.376945
0.376945,0.229337
0.376945,0.376945
0.376945,0.209365
0.376945,0.376945
0.376945,0.207018
0.376945,0.376945
0.376945,0.20942
0.376945,0.376945
0.376945,0.217232
0.376945,0.376945
0.376945,0.209007
0.376945,0.376945
0.376945,0.211909
0.376945,0.376945
0.376945,0.216533
0.376945,0.376945
0.376945,0.220234
0.376945,0.376945
0.376945,0.218377
0.376945,0.376945
0.376945,0.214048
0.376945,0.376945
0.376945,0.22557
0.376945,0.376945
0.376945,0.220149
0.376945,0.376945
0.376945,0.212238
0.376945,0.376945
0.376945,0.218847
0.376945,0.376945
0.376945,0.229987
0.376945,0.376945
0.376945,0.212018
0.376945,0.376945
0.376945,0.213031
0.376945,0.376945
0.376945,0.215816
0.376945,0.376945
0.376945,0.214525
0.376945,0.376945
0.376945,0.20893
0.376945,0.376945
0.376945,0.206645
0.376945,0.376945
0.376945,0.209706
0.376945,0.376945
0.376945,0.224563
0.376945,0.376945
0.376945,0.209771
0.376945,0.376945
0.376945,0.235875
0.376945,0.376945
0.376945,0.22305
0.376945,0.376945
0.376945,0.223415
0.376945,0.376945
0.376945,0.208941
0.376945,0.376945
0.376945,0.217091
0.376945,0.376945
0.376945,0.211746
0.376945,0.376945
0.376945,0.222523
0.376945,0.376945
0.376945,0.221065
0.376945,0.376945
0.376945,0.215281
0.376945,0.376945
0.376945,0.213113
0.376945,0.376945
0.376945,0.225935
0.376945,0.376945
0.376945,0.218632
0.376945,0.376945
0.376945,0.223115
0.376945,0.376945
0.376945,0.20997
0.376945,0.376945
0.376945,0.234329
0.376945,0.376945
0.376945,0.204497
0.376945,0.376945
0.376945,0.218077
0.376945,0.376945
0.376945,0.216171
0.376945,0.376945
0.376945,0.222656
0.376945,0.376945
0.376945,0.212627
0.376945,0.376945
0.376945,0.209638
0.376945,0.376945
0.376945,0.23298
0.376945,0.376945
0.376945,0.238892
0.376945,0.376945
0.376945,0.213761
0.376945,0.376945
0.376945,0.228471
0.376945,0.376945
0.376945,0.217287
0.376945,0.376945
0.376945,0.215257
0.376945,0.376945
0.376945,0.21531
0.376945,0.376945
0.376945,0.213512
0.376945,0.376945
0.376945,0.206531
0.376945,0.376945
0.376945,0.213053
0.376945,0.376945
0.376945,0.21429
0.376945,0.376945
0.376945,0.232491
0.376945,0.376945
0.376945,0.218875
0.376945,0.376945
0.376945,0.224298
0.376945,0.376945
0.376945,0.21227
0.376945,0.376945
0.376945,0.216266
0.376945,0.376945
0.376945,0.233072
0.376945,0.376945
0.376945,0.208872
0.376945,0.376945
0.376945,0.222124
0.376945,0.376945
0.376945,0.208962
0.376945,0.376945
0.376945,0.207053
0.376945,0.376945
0.376945,0.217763
0.376945,0.376945
0.376945,0.235466
0.376945,0.376945
0.376945,0.222928
0.376945,0.376945
0.376945,0.213781
0.376945,0.376945
0.376945,0.217422
0.376945,0.376945
0.376945,0.210683
0.376945,0.376945
0.376945,0.221293
0.376945,0.376945
0.376945,0.210676
0.376945,0.376945
0.341695,0.341695
0.341695,0.341695
0.341695,0.341695
0.341695,0.341695
0.341695,0.341695
0.341695,0.341695
0.341695,0.341695
0.341695,0.341695
0.341695,0.341695
0.341695,0.341695
0.341695,0.341695
0.341695,0.341695
0.341695,0.341695
0.341695,0.341695
0.341695,0.341695
0.341695,0.341695
0.341695,0.341695
0.341695,0.341695
0.341695,0.341695
0.341695,0.341695
0.341695,0.341695
0.341695,0.341695
0.341695,0.341695
0.341695,0.341695
0.341695,0.341695
0.341695,0.341695
0.341695,0.341695
0.341695,0.341695
0.341695,0.341695
0.341695,0.341695
0.341695,0.341695
0.341695,0.341695
0.341695,0.341695
0.341695,0.341695
0.341695,0.341695
0.341695,0.341695
0.341695,0.341695
0.341695,0.341695
0.341695,0.341695
0.341695,0.341695
0.341695,0.341695
0.341695,0.341695
0.341695,0.341695
0.341695,0.341695
0.341695,0.341695
0.341695,0.341695
0.341695,0.341695
0.341695,0.341695
0.341695,0.341695
0.341695,0.341695
0.341695,0.341695
0.341695,0.341695
0.341695,0.341695
0.341695,0.341695
0.341695,0.341695
0.341695,0.341695
0.341695,0.341695
0.341695,0.341695
0.341695,0.341695
0.341695,0.341695
0.341695,0.341695
0.341695,0.341695
0.341695,0.341695
0.341695,0.341695
0.341695,0.341695
0.341695,0.341695
0.341695,0.341695
0.341695,0.341695
0.341695,0.341695
0.341695,0.341695
0.341695,0.341695
0.341695,0.341695
0.341695,0.341695
0.341695,0.341695
0.341695,0.341695
0.341695,0.341695
0.341695,0.341695
0.341695,0.341695
0.341695,0.341695
0.341695,0.341695
0.341695,0.341695
0.341695,0.341695
0.341695,0.341695
0.341695,0.341695
0.341695,0.341695
0.341695,0.341695
0.341695,0.341695
0.341695,0.341695
0.341695,0.341695
0.341695,0.341695
0.341695,0.341695
0.341695,0.341695
0.341695,0.341695
0.341695,0.341695
0.341695,0.341695
0.341695,0.341695
0.341695,0.341695
0.341695,0.341695
0.341695,0.341695
0.341695,0.341695
0.341695,0.341695
0.341695,0.341695
0.341695,0.341695
0.341695,0.341695
0.341695,0.341695
0.341695,0.341695
0.341695,0.341695
0.341695,0.341695
0.341695,0.341695
0.341695,0.341695
0.341695,0.341695
0.341695,0.341695
0.341695,0.341695
0.341695,0.341695
0.341695,0.341695
0.341695,0.341695
0.341695,0.341695
0.341695,0.341695
0.341695,0.341695
0.341695,0.341695
0.341695,0.341695
0.341695,0.341695
0.341695,0.341695
0.341695,0.341695
0.341695,0.341695
0.341695,0.341695
0.341695,0.341695
0.341695,0.341695
0.341695,0.341695
0.341695,0.341695
0.341695,0.341695
0.341695,0.341695
0.341695,0.341695
0.341695,0.341695
0.341695,0.341695
0.341695,0.341695
0.341695,0.341695
0.341695,0.341695
0.341695,0.341695
0.341695,0.341695
0.341695,0.341695
0.341695,0.341695
0.341695,0.341695
0.341695,0.341695
0.341695,0.341695
0.341695,0.341695
0.341695,0.341695
0.341695,0.341695
0.341695,0.341695
0.341695,0.341695
0.341695,0.341695
0.341695,0.341695
0.341695,0.341695
0.341695,0.341695
0.341695,0.341695
0.341695,0.341695
0.341695,0.341695
0.341695,0.341695
0.341695,0.341695
0.341695,0.341695
0.341695,0.341695
0.341695,0.341695
0.341695,0.341695
0.341695,0.341695
0.341695,0.341695
0.341695,0.341695
0.341695,0.341695
0.341695,0.341695
0.341695,0.341695
0.341695,0.341695
0.341695,0.341695
0.341695,0.341695
0.341695,0.341695
0.341695,0.341695
0.341695,0.341695
0.341695,0.341695
0.341695,0.341695
0.341695,0.341695
0.341695,0.341695
0.341695,0.341695
0.341695,0.341695
0.341695,0.341695
0.341695,0.341695
0.341695,0.341695
0.341695,0.341695
0.341695,0.341695
0.341695,0.341695
0.341695,0.341695
0.341695,0.341695
0.341695,0.341695
0.341695,0.341695
0.341695,0.341695
0.341695,0.341695
0.341695,0.341695
0.341695,0.341695
0.341695,0.341695
0.341695,0.341695
0.341695,0.341695
0.341695,0.341695
0.341695,0.341695
0.341695,0.341695
0.341695,0.341695
0.341695,0.341695
0.341695,0.341695
0.341695,0.341695
0.341695,0.341695
0.341695,0.341695
0.341695,0.341695
0.341695,0.341695
0.341695,0.341695
0.341695,0.341695
0.341695,0.341695
0.341695,0.341695
0.341695,0.341695
0.341695,0.341695
0.341695,0.341695
0.341695,0.341695
0.341695,0.341695
0.341695,0.341695
0.341695,0.341695
0.341695,0.341695
0.341695,0.341695
0.341695,0.341695
0.341695,0.341695
0.341695,0.341695
0.341695,0.341695
0.341695,0.341695
0.341695,0.341695
0.341695,0.341695
0.341695,0.341695
0.341695,0.341695
0.341695,0.341695
0.341695,0.341695
0.341695,0.341695
0.341695,0.341695
0.341695,0.341695
0.341695,0.341695
0.341695,0.341695
0.341695,0.341695
0.341695,0.341695
0.341695,0.341695
0.341695,0.341695
0.341695,0.341695
0.341695,0.341695
0.341695,0.341695
0.341695,0.341695
0.341695,0.341695
0.341695,0.341695
0.341695,0.341695
0.341695,0.341695
0.341695,0.341695
0.341695,0.341695
0.341695,0.341695
0.341695,0.341695
0.341695,0.341695
0.341695,0.341695
0.341695,0.341695
0.341695,0.341695
0.341695,0.341695
0.341695,0.341695
0.341695,0.341695
0.341695,0.341695
0.341695,0.341695
0.341695,0.341695
0.341695,0.341695
0.341695,0.341695
0.341695,0.341695
0.341695,0.341695
0.341695,0.341695
0.341695,0.341695
0.341695,0.341695
0.341695,0.341695
0.341695,0.341695
0.341695,0.341695
0.341695,0.341695
0.341695,0.341695
0.341695,0.341695
0.341695,0.341695
0.341695,0.341695
0.341695,0.341695
0.341695,0.341695
0.341695,0.341695
0.341695,0.341695
0.341695,0.341695
0.341695,0.341695
0.341695,0.341695
0.341695,0.341695
0.341695,0.341695
0.341695,0.341695
0.341695,0.341695
0.341695,0.341695
0.341695,0.341695
0.341695,0.341695
0.341695,0.341695
0.341695,0.341695
0.341695,0.341695
0.341695,0.341695
0.341695,0.341695
0.341695,0.341695
0.341695,0.341695
0.341695,0.341695
0.341695,0.341695
0.341695,0.341695
0.341695,0.341695
0.341695,0.341695
0.341695,0.341695
0.341695,0.341695
0.341695,0.341695
0.341695,0.341695
0.341695,0.341695
0.341695,0.341695
0.341695,0.341695
0.341695,0.341695
0.341695,0.341695
0.341695,0.341695
0.341695,0.341695
0.341695,0.341695
0.341695,0.341695
0.341695,0.341695
0.341695,0.341695
0.341695,0.341695
0.341695,0.341695
0.341695,0.341695
0.341695,0.341695
0.341695,0.341695
0.341695,0.341695
0.341695,0.341695
0.341695,0.341695
0.341695,0.341695
0.341695,0.341695
0.341695,0.341695
0.341695,0.341695
0.341695,0.341695
0.341695,0.341695
0.341695,0.341695
0.341695,0.341695
0.341695,0.341695
0.341695,0.341695
0.341695,0.341695
0.341695,0.341695
0.341695,0.341695
0.341695,0.341695
0.341695,0.341695
0.341695,0.341695
0.341695,0.341695
0.341695,0.341695
0.341695,0.341695
0.341695,0.341695
0.341695,0.341695
0.341695,0.341695
0.341695,0.341695
0.341695,0.341695
0.341695,0.341695
0.341695,0.341695
0.341695,0.341695
0.341695,0.341695
0.341695,0.341695
0.341695,0.341695
0.341695,0.341695
0.341695,0.341695
0.341695,0.341695
0.341695,0.341695
0.341695,0.341695
0.341695,0.341695
0.341695,0.341695
0.341695,0.341695
0.341695,0.341695
0.341695,0.341695
0.341695,0.341695
0.341695,0.341695
0.341695,0.341695
0.341695,0.341695
0.341695,0.341695
0.341695,0.341695
0.341695,0.341695
0.341695,0.341695
0.341695,0.341695
0.341695,0.341695
0.341695,0.341695
0.341695,0.341695
0.341695,0.341695
0.341695,0.341695
0.341695,0.341695
0.341695,0.341695
0.341695,0.341695
0.341695,0.341695
0.341695,0.341695
0.341695,0.341695
0.341695,0.341695
0.341695,0.341695
0.341695,0.341695
0.341695,0.341695
0.341695,0.341695
0.341695,0.341695
0.341695,0.341695
0.341695,0.341695
0.341695,0.341695
0.341695,0.341695
0.341695,0.341695
0.341695,0.341695
0.341695,0.341695
0.341695,0.341695
0.341695,0.341695
0.341695,0.341695
0.341695,0.341695
0.341695,0.341695
0.341695,0.341695
0.341695,0.341695
0.341695,0.341695
0.341695,0.341695
0.341695,0.341695
0.341695,0.341695
0.341695,0.341695
0.341695,0.341695
0.341695,0.341695
0.341695,0.341695
0.341695,0.341695
0.341695,0.341695
0.341695,0.341695
0.341695,0.341695
0.341695,0.341695
0.341695,0.341695
0.341695,0.341695
0.341695,0.341695
0.341695,0.341695
0.341695,0.341695
0.341695,0.341695
0.341695,0.341695
0.341695,0.341695
0.341695,0.341695
0.341695,0.341695
0.341695,0.341695
0.341695,0.341695
0.341695,0.341695
0.341695,0.341695
0.341695,0.341695
0.341695,0.341695
0.341695,0.341695
0.341695,0.341695
0.341695,0.341695
0.341695,0.341695
0.341695,0.341695
0.341695,0.341695
0.341695,0.341695
0.341695,0.341695
0.341695,0.341695
0.341695,0.341695
0.341695,0.341695
0.341695,0.341695
0.341695,0.341695
0.341695,0.341695
0.341695,0.341695
0.341695,0.341695
0.341695,0.341695
0.341695,0.341695
0.341695,0.341695
0.341695,0.341695
0.341695,0.341695
0.341695,0.341695
0.341695,0.341695
0.341695,0.341695
0.341695,0.341695
0.341695,0.341695
0.341695,0.341695
0.341695,0.341695
0.341695,0.341695
0.341695,0.341695
0.341695,0.341695
0.341695,0.341695
0.341695,0.341695
0.341695,0.341695
0.341695,0.341695
0.341695,0.341695
0.341695,0.341695
0.341695,0.341695
0.341695,0.341695
0.341695,0.341695
0.341695,0.341695
0.341695,0.341695
0.341695,0.341695
0.341695,0.341695
0.341695,0.341695
0.341695,0.341695
0.341695,0.341695
0.341695,0.341695
0.341695,0.341695
0.341695,0.341695
0.341695,0.341695
0.341695,0.341695
0.341695,0.341695
0.341695,0.341695
0.341695,0.341695
0.341695,0.341695
0.341695,0.341695
0.341695,0.341695
0.341695,0.341695
0.341695,0.341695
0.341695,0.341695
0.341695,0.341695
0.341695,0.341695
0.341695,0.341695
0.341695,0.341695
0.341695,0.341695
0.341695,0.341695
0.341695,0.341695
0.341695,0.341695
0.341695,0.341695
0.341695,0.341695
0.341695,0.341695
0.341695,0.341695
0.341695,0.341695
0.341695,0.341695
0.341695,0.341695
0.341695,0.341695
0.341695,0.341695
0.341695,0.341695
0.341695,0.341695
0.341695,0.341695
0.341695,0.341695
0.341695,0.341695
0.341695,0.341695
0.341695,0.341695
0.341695,0.341695
0.341695,0.341695
0.341695,0.341695
0.341695,0.341695
0.341695,0.341695
0.341695,0.341695
0.341695,0.341695
0.341695,0.341695
0.341695,0.341695
0.341695,0.341695
0.341695,0.341695
0.341695,0.341695
0.341695,0.341695
0.341695,0.341695
0.341695,0.341695
0.341695,0.341695
0.341695,0.341695
0.341695,0.341695
0.341695,0.341695
0.341695,0.341695
0.341695,0.341695
0.341695,0.341695
0.341695,0.341695
0.341695,0.341695
0.341695,0.341695
0.341695,0.341695
0.341695,0.341695
0.341695,0.341695
0.341695,0.341695
0.341695,0.341695
0.341695,0.341695
0.341695,0.341695
0.341695,0.341695
0.341695,0.341695
0.341695,0.341695
0.341695,0.341695
0.341695,0.341695
0.341695,0.341695
0.341695,0.341695
0.341695,0.341695
0.341695,0.341695
0.341695,0.341695
0.341695,0.341695
0.341695,0.341695
0.341695,0.341695
0.341695,0.341695
0.341695,0.341695
0.341695,0.341695
0.341695,0.341695
0.341695,0.341695
0.341695,0.341695
0.341695,0.341695
0.341695,0.341695
0.341695,0.341695
0.341695,0.341695
0.341695,0.341695
0.341695,0.341695
0.341695,0.341695
0.341695,0.341695
0.341695,0.341695
0.341695,0.341695
0.341695,0.341695
0.341695,0.341695
0.341695,0.341695
0.341695,0.341695
0.341695,0.341695
0.341695,0.341695
0.341695,0.341695
0.341695,0.341695
0.341695,0.341695
0.341695,0.341695
0.341695,0.341695
0.341695,0.341695
0.341695,0.341695
0.341695,0.341695
0.341695,0.341695
0.341695,0.341695
0.341695,0.341695
0.341695,0.341695
0.341695,0.341695
0.341695,0.341695
0.341695,0.341695
0.341695,0.341695
0.341695,0.341695
0.341695,0.341695
0.341695,0.341695
0.341695,0.341695
0.341695,0.341695
0.341695,0.341695
0.341695,0.341695
0.341695,0.341695
0.341695,0.341695
0.341695,0.341695
0.341695,0.341695
0.341695,0.341695
0.341695,0.341695
0.341695,0.341695
0.341695,0.341695
0.341695,0.341695
0.341695,0.341695
0.341695,0.341695
0.341695,0.341695
0.341695,0.341695
0.341695,0.341695
0.341695,0.341695
0.341695,0.341695
0.341695,0.341695
0.341695,0.341695
0.341695,0.341695
0.341695,0.341695
0.341695,0.341695
0.341695,0.341695
0.341695,0.341695
0.341695,0.341695
0.341695,0.341695
0.341695,0.341695
0.341695,0.341695
0.341695,0.341695
0.341695,0.341695
0.341695,0.341695
0.341695,0.341695
0.341695,0.341695
0.341695,0.341695
0.341695,0.341695
0.341695,0.341695
0.341695,0.341695
0.341695,0.341695
0.341695,0.341695
0.341695,0.341695
0.341695,0.341695
0.341695,0.341695
0.341695,0.341695
0.341695,0.341695
0.341695,0.341695
0.341695,0.341695
0.341695,0.341695
0.341695,0.341695
0.341695,0.341695
0.341695,0.341695
0.341695,0.341695
0.341695,0.341695
0.341695,0.341695
0.341695,0.341695
0.341695,0.341695
0.341695,0.341695
0.341695,0.341695
0.341695,0.341695
0.341695,0.341695
0.341695,0.341695
0.341695,0.341695
0.341695,0.341695
0.341695,0.341695
0.341695,0.341695
0.341695,0.341695
0.341695,0.341695
0.341695,0.341695
0.341695,0.341695
0.341695,0.341695
0.341695,0.341695
0.341695,0.341695
0.341695,0.341695
0.341695,0.341695
0.341695,0.341695
0.341695,0.341695
0.341695,0.341695
0.341695,0.341695
0.341695,0.341695
0.341695,0.341695
0.341695,0.341695
0.341695,0.341695
0.341695,0.341695
0.341695,0.341695
0.341695,0.341695
0.341695,0.341695
0.341695,0.341695
0.341695,0.341695
0.341695,0.341695
0.341695,0.341695
0.341695,0.341695
0.341695,0.341695
0.341695,0.341695
0.341695,0.341695
0.341695,0.341695
0.341695,0.341695
0.341695,0.341695
0.341695,0.341695
0.341695,0.341695
0.341695,0.341695
0.341695,0.341695
0.341695,0.341695
0.341695,0.341695
0.341695,0.341695
0.341695,0.341695
0.341695,0.341695
0.341695,0.341695
0.341695,0.341695
0.341695,0.341695
0.341695,0.341695
0.341695,0.341695
0.341695,0.341695
0.341695,0.341695
0.341695,0.341695
0.341695,0.341695
0.341695,0.341695
0.341695,0.341695
0.341695,0.341695
0.341695,0.341695
0.341695,0.341695
0.341695,0.341695
0.341695,0.341695
0.341695,0.341695
0.341695,0.341695
0.341695,0.341695
0.341695,0.341695
0.341695,0.341695
0.341695,0.341695
0.341695,0.341695
0.341695,0.341695
0.341695,0.341695
0.341695,0.341695
0.341695,0.341695
0.341695,0.341695
0.341695,0.341695
0.341695,0.341695
0.341695,0.341695
0.341695,0.341695
0.341695,0.341695
0.341695,0.341695
0.341695,0.341695
0.341695,0.341695
0.341695,0.341695
0.341695,0.341695
0.341695,0.341695
0.341695,0.341695
0.339017,0.339017
0.339017,0.339017
0.339017,0.339017
0.339017,0.339017
0.339017,0.339017
0.339017,0.339017
0.339017,0.339017
0.339017,0.339017
0.339017,0.339017
0.339017,0.339017
0.339017,0.339017
0.339017,0.339017
0.339017,0.339017
0.339017,0.339017
0.339017,0.339017
0.339017,0.339017
0.339017,0.339017
0.339017,0.339017
0.339017,0.339017
0.339017,0.339017
0.339017,0.339017
0.339017,0.339017
0.339017,0.339017
0.339017,0.339017
0.339017,0.339017
0.339017,0.339017
0.339017,0.339017
0.339017,0.339017
0.339017,0.339017
0.339017,0.339017
0.339017,0.339017
0.339017,0.339017
0.339017,0.339017
0.339017,0.339017
0.339017,0.339017
0.339017,0.339017
0.339017,0.339017
0.339017,0.339017
0.339017,0.339017
0.339017,0.339017
0.339017,0.339017
0.339017,0.339017
0.339017,0.339017
0.339017,0.339017
0.339017,0.339017
0.339017,0.339017
0.339017,0.339017
0.339017,0.339017
0.339017,0.339017
0.339017,0.339017
0.339017,0.339017
0.339017,0.339017
0.339017,0.339017
0.339017,0.339017
0.339017,0.339017
0.339017,0.339017
0.339017,0.339017
0.339017,0.339017
0.339017,0.339017
0.339017,0.339017
0.339017,0.339017
0.339017,0.339017
0.339017,0.339017
0.339017,0.339017
0.339017,0.339017
0.339017,0.339017
0.339017,0.339017
0.339017,0.339017
0.339017,0.339017
0.339017,0.339017
0.339017,0.339017
0.339017,0.339017
0.339017,0.339017
0.339017,0.339017
0.339017,0.339017
0.339017,0.339017
0.339017,0.339017
0.339017,0.339017
0.339017,0.339017
0.339017,0.339017
0.339017,0.339017
0.339017,0.339017
0.339017,0.339017
0.339017,0.339017
0.339017,0.339017
0.339017,0.339017
0.339017,0.339017
0.339017,0.339017
0.339017,0.339017
0.339017,0.339017
0.339017,0.339017
0.339017,0.339017
0.339017,0.339017
0.339017,0.339017
0.339017,0.339017
0.339017,0.339017
0.339017,0.339017
0.339017,0.339017
0.339017,0.339017
0.339017,0.339017
0.339017,0.339017
0.339017,0.339017
0.339017,0.339017
0.339017,0.339017
0.339017,0.339017
0.339017,0.339017
0.339017,0.339017
0.339017,0.339017
0.339017,0.339017
0.339017,0.339017
0.339017,0.339017
0.339017,0.339017
0.339017,0.339017
0.339017,0.339017
0.339017,0.339017
0.339017,0.339017
0.339017,0.339017
0.339017,0.339017
0.339017,0.339017
0.339017,0.339017
0.339017,0.339017
0.339017,0.339017
0.339017,0.339017
0.339017,0.339017
0.339017,0.339017
0.339017,0.339017
0.339017,0.339017
0.339017,0.339017
0.339017,0.339017
0.339017,0.339017
0.339017,0.339017
0.339017,0.339017
0.339017,0.339017
0.339017,0.339017
0.339017,0.339017
0.339017,0.339017
0.339017,0.339017
0.339017,0.339017
0.339017,0.339017
0.339017,0.339017
0.339017,0.339017
0.339017,0.339017
0.339017,0.339017
0.339017,0.339017
0.339017,0.339017
0.339017,0.339017
0.339017,0.339017
0.339017,0.339017
0.339017,0.339017
0.339017,0.339017
0.339017,0.339017
0.339017,0.339017
0.339017,0.339017
0.339017,0.339017
0.339017,0.339017
0.339017,0.339017
0.339017,0.339017
0.339017,0.339017
0.339017,0.339017
0.339017,0.339017
0.339017,0.339017
0.339017,0.339017
0.339017,0.339017
0.339017,0.339017
0.339017,0.339017
0.339017,0.339017
0.339017,0.339017
0.339017,0.339017
0.339017,0.339017
0.339017,0.339017
0.339017,0.339017
0.339017,0.339017
0.339017,0.339017
0.339017,0.339017
0.339017,0.339017
0.339017,0.339017
0.339017,0.339017
0.339017,0.339017
0.339017,0.339017
0.339017,0.339017
0.339017,0.339017
0.339017,0.339017
0.339017,0.339017
0.339017,0.339017
0.339017,0.339017
0.339017,0.339017
0.339017,0.339017
0.339017,0.339017
0.339017,0.339017
0.339017,0.339017
0.339017,0.339017
0.339017,0.339017
0.339017,0.339017
0.339017,0.339017
0.339017,0.339017
0.339017,0.339017
0.339017,0.339017
0.339017,0.339017
0.339017,0.339017
0.339017,0.339017
0.339017,0.339017
0.339017,0.339017
0.339017,0.339017
0.339017,0.339017
0.339017,0.339017
0.339017,0.339017
0.339017,0.339017
0.339017,0.339017
0.339017,0.339017
0.339017,0.339017
0.339017,0.339017
0.339017,0.339017
0.339017,0.339017
0.339017,0.339017
0.339017,0.339017
0.339017,0.339017
0.339017,0.339017
0.339017,0.339017
0.339017,0.339017
0.339017,0.339017
0.339017,0.339017
0.339017,0.339017
0.339017,0.339017
0.339017,0.339017
0.339017,0.339017
0.339017,0.339017
0.339017,0.339017
0.339017,0.339017
0.339017,0.339017
0.339017,0.339017
0.339017,0.339017
0.339017,0.339017
0.339017,0.339017
0.339017,0.339017
0.339017,0.339017
0.339017,0.339017
0.339017,0.339017
0.339017,0.339017
0.339017,0.339017
0.339017,0.339017
0.339017,0.339017
0.339017,0.339017
0.339017,0.339017
0.339017,0.339017
0.339017,0.339017
0.339017,0.339017
0.339017,0.339017
0.339017,0.339017
0.339017,0.339017
0.339017,0.339017
0.339017,0.339017
0.339017,0.339017
0.339017,0.339017
0.339017,0.339017
0.339017,0.339017
0.339017,0.339017
0.339017,0.339017
0.339017,0.339017
0.339017,0.339017
0.339017,0.339017
0.339017,0.339017
0.339017,0.339017
0.339017,0.339017
0.339017,0.339017
0.339017,0.339017
0.339017,0.339017
0.339017,0.339017
0.339017,0.339017
0.339017,0.339017
0.339017,0.339017
0.339017,0.339017
0.339017,0.339017
0.339017,0.339017
0.339017,0.339017
0.339017,0.339017
0.339017,0.339017
0.339017,0.339017
0.339017,0.339017
0.339017,0.339017
0.339017,0.339017
0.339017,0.339017
0.339017,0.339017
0.339017,0.339017
0.339017,0.339017
0.339017,0.339017
0.339017,0.339017
0.339017,0.339017
0.339017,0.339017
0.339017,0.339017
0.339017,0.339017
0.339017,0.339017
0.339017,0.339017
0.339017,0.339017
0.339017,0.339017
0.339017,0.339017
0.339017,0.339017
0.339017,0.339017
0.339017,0.339017
0.339017,0.339017
0.339017,0.339017
0.339017,0.339017
0.339017,0.339017
0.339017,0.339017
0.339017,0.339017
0.339017,0.339017
0.339017,0.339017
0.339017,0.339017
0.339017,0.339017
0.339017,0.339017
0.339017,0.339017
0.339017,0.339017
0.339017,0.339017
0.339017,0.339017
0.339017,0.339017
0.339017,0.339017
0.339017,0.339017
0.339017,0.339017
0.339017,0.339017
0.339017,0.339017
0.339017,0.339017
0.339017,0.339017
0.339017,0.339017
0.339017,0.339017
0.339017,0.339017
0.339017,0.339017
0.339017,0.339017
0.339017,0.339017
0.339017,0.339017
0.339017,0.339017
0.339017,0.339017
0.339017,0.339017
0.339017,0.339017
0.339017,0.339017
0.339017,0.339017
0.339017,0.339017
0.339017,0.339017
0.339017,0.339017
0.339017,0.339017
0.339017,0.339017
0.339017,0.339017
0.339017,0.339017
0.339017,0.339017
0.339017,0.339017
0.339017,0.339017
0.339017,0.339017
0.339017,0.339017
0.339017,0.339017
0.339017,0.339017
0.339017,0.339017
0.339017,0.339017
0.339017,0.339017
0.339017,0.339017
0.339017,0.339017
0.339017,0.339017
0.339017,0.339017
0.339017,0.339017
0.339017,0.339017
0.339017,0.339017
0.339017,0.339017
0.339017,0.339017
0.339017,0.339017
0.339017,0.339017
0.339017,0.339017
0.339017,0.339017
0.339017,0.339017
0.339017,0.339017
0.339017,0.339017
0.339017,0.339017
0.339017,0.339017
0.339017,0.339017
0.339017,0.339017
0.339017,0.339017
0.339017,0.339017
0.339017,0.339017
0.339017,0.339017
0.339017,0.339017
0.339017,0.339017
0.339017,0.339017
0.339017,0.339017
0.339017,0.339017
0.339017,0.339017
0.339017,0.339017
0.339017,0.339017
0.339017,0.339017
0.339017,0.339017
0.339017,0.339017
0.339017,0.339017
0.339017,0.339017
0.339017,0.339017
0.339017,0.339017
0.339017,0.339017
0.339017,0.339017
0.339017,0.339017
0.339017,0.339017
0.339017,0.339017
0.339017,0.339017
0.339017,0.339017
0.339017,0.339017
0.339017,0.339017
0.339017,0.339017
0.339017,0.339017
0.339017,0.339017
0.339017,0.339017
0.339017,0.339017
0.339017,0.339017
0.339017,0.339017
0.339017,0.339017
0.339017,0.339017
0.339017,0.339017
0.339017,0.339017
0.339017,0.339017
0.339017,0.339017
0.339017,0.339017
0.339017,0.339017
0.339017,0.339017
0.339017,0.339017
0.339017,0.339017
0.339017,0.339017
0.339017,0.339017
0.339017,0.339017
0.339017,0.339017
0.339017,0.339017
0.339017,0.339017
0.339017,0.339017
0.339017,0.339017
0.339017,0.339017
0.339017,0.339017
0.339017,0.339017
0.339017,0.339017
0.339017,0.339017
0.339017,0.339017
0.339017,0.339017
0.339017,0.339017
0.339017,0.339017
0.339017,0.339017
0.339017,0.339017
0.339017,0.339017
0.339017,0.339017
0.339017,0.339017
0.339017,0.339017
0.339017,0.339017
0.339017,0.339017
0.339017,0.339017
0.339017,0.339017
0.339017,0.339017
0.339017,0.339017
0.339017,0.339017
0.339017,0.339017
0.339017,0.339017
0.339017,0.339017
0.339017,0.339017
0.339017,0.339017
0.339017,0.339017
0.339017,0.339017
0.339017,0.339017
0.339017,0.339017
0.339017,0.339017
0.339017,0.339017
0.339017,0.339017
0.339017,0.339017
0.339017,0.339017
0.339017,0.339017
0.339017,0.339017
0.339017,0.339017
0.339017,0.339017
0.339017,0.339017
0.339017,0.339017
0.339017,0.339017
0.339017,0.339017
0.339017,0.339017
0.339017,0.339017
0.339017,0.339017
0.339017,0.339017
0.339017,0.339017
0.339017,0.339017
0.339017,0.339017
0.339017,0.339017
0.339017,0.339017
0.339017,0.339017
0.339017,0.339017
0.339017,0.339017
0.339017,0.339017
0.339017,0.339017
0.339017,0.339017
0.339017,0.339017
0.339017,0.339017
0.339017,0.339017
0.339017,0.339017
0.339017,0.339017
0.339017,0.339017
0.339017,0.339017
0.339017,0.339017
0.339017,0.339017
0.339017,0.339017
0.339017,0.339017
0.339017,0.339017
0.339017,0.339017
0.339017,0.339017
0.339017,0.339017
0.339017,0.339017
0.339017,0.339017
0.339017,0.339017
0.339017,0.339017
0.339017,0.339017
0.339017,0.339017
0.339017,0.339017
0.339017,0.339017
0.339017,0.339017
0.339017,0.339017
0.339017,0.339017
0.339017,0.339017
0.339017,0.339017
0.339017,0.339017
0.339017,0.339017
0.339017,0.339017
0.339017,0.339017
0.339017,0.339017
0.339017,0.339017
0.339017,0.339017
0.339017,0.339017
0.339017,0.339017
0.339017,0.339017
0.339017,0.339017
0.339017,0.339017
0.339017,0.339017
0.339017,0.339017
0.339017,0.339017
0.339017,0.339017
0.339017,0.339017
0.339017,0.339017
0.339017,0.339017
0.339017,0.339017
0.339017,0.339017
0.339017,0.339017
0.339017,0.339017
0.339017,0.339017
0.339017,0.339017
0.339017,0.339017
0.339017,0.339017
0.339017,0.339017
0.339017,0.339017
0.339017,0.339017
0.339017,0.339017
0.339017,0.339017
0.339017,0.339017
0.339017,0.339017
0.339017,0.339017
0.339017,0.339017
0.339017,0.339017
0.339017,0.339017
0.339017,0.339017
0.339017,0.339017
0.339017,0.339017
0.339017,0.339017
0.339017,0.339017
0.339017,0.339017
0.339017,0.339017
0.339017,0.339017
0.339017,0.339017
0.339017,0.339017
0.339017,0.339017
0.339017,0.339017
0.339017,0.339017
0.339017,0.339017
0.339017,0.339017
0.339017,0.339017
0.339017,0.339017
0.339017,0.339017
0.339017,0.339017
0.339017,0.339017
0.339017,0.339017
0.339017,0.339017
0.339017,0.339017
0.339017,0.339017
0.339017,0.339017
0.339017,0.339017
0.339017,0.339017
0.339017,0.339017
0.339017,0.339017
0.339017,0.339017
0.339017,0.339017
0.339017,0.339017
0.339017,0.339017
0.339017,0.339017
0.339017,0.339017
0.339017,0.339017
0.339017,0.339017
0.339017,0.339017
0.339017,0.339017
0.339017,0.339017
0.339017,0.339017
0.339017,0.339017
0.339017,0.339017
0.339017,0.339017
0.339017,0.339017
0.339017,0.339017
0.339017,0.339017
0.339017,0.339017
0.339017,0.339017
0.339017,0.339017
0.339017,0.339017
0.339017,0.339017
0.339017,0.339017
0.339017,0.339017
0.339017,0.339017
0.339017,0.339017
0.339017,0.339017
0.339017,0.339017
0.339017,0.339017
0.339017,0.339017
0.339017,0.339017
0.339017,0.339017
0.339017,0.339017
0.339017,0.339017
0.339017,0.339017
0.339017,0.339017
0.339017,0.339017
0.339017,0.339017
0.339017,0.339017
0.339017,0.339017
0.339017,0.339017
0.339017,0.339017
0.339017,0.339017
0.339017,0.339017
0.339017,0.339017
0.339017,0.339017
0.339017,0.339017
0.339017,0.339017
0.339017,0.339017
0.339017,0.339017
0.339017,0.339017
0.339017,0.339017
0.339017,0.339017
0.339017,0.339017
0.339017,0.339017
0.339017,0.339017
0.339017,0.339017
0.339017,0.339017
0.339017,0.339017
0.339017,0.339017
0.339017,0.339017
0.339017,0.339017
0.339017,0.339017
0.339017,0.339017
0.339017,0.339017
0.339017,0.339017
0.339017,0.339017
0.339017,0.339017
0.339017,0.339017
0.339017,0.339017
0.339017,0.339017
0.339017,0.339017
0.339017,0.339017
0.339017,0.339017
0.339017,0.339017
0.339017,0.339017
0.339017,0.339017
0.339017,0.339017
0.339017,0.339017
0.339017,0.339017
0.339017,0.339017
0.339017,0.339017
0.339017,0.339017
0.339017,0.339017
0.339017,0.339017
0.339017,0.339017
0.339017,0.339017
0.339017,0.339017
0.339017,0.339017
0.339017,0.339017
0.339017,0.339017
0.339017,0.339017
0.339017,0.339017
0.339017,0.339017
0.339017,0.339017
0.339017,0.339017
0.339017,0.339017
0.339017,0.339017
0.339017,0.339017
0.339017,0.339017
0.339017,0.339017
0.339017,0.339017
0.339017,0.339017
0.339017,0.339017
0.339017,0.339017
0.339017,0.339017
0.339017,0.339017
0.339017,0.339017
0.339017,0.339017
0.339017,0.339017
0.339017,0.339017
0.339017,0.339017
0.339017,0.339017
0.339017,0.339017
0.339017,0.339017
0.339017,0.339017
0.339017,0.339017
0.339017,0.339017
0.339017,0.339017
0.339017,0.339017
0.339017,0.339017
0.339017,0.339017
0.339017,0.339017
0.339017,0.339017
0.339017,0.339017
0.339017,0.339017
0.339017,0.339017
0.339017,0.339017
0.339017,0.339017
0.339017,0.339017
0.339017,0.339017
0.339017,0.339017
0.339017,0.339017
0.339017,0.339017
0.339017,0.339017
0.339017,0.339017
0.339017,0.339017
0.339017,0.339017
0.339017,0.339017
0.339017,0.339017
0.339017,0.339017
0.339017,0.339017
0.339017,0.339017
0.339017,0.339017
0.339017,0.339017
0.339017,0.339017
0.339017,0.339017
0.339017,0.339017
0.339017,0.339017
0.339017,0.339017
0.339017,0.339017
0.339017,0.339017
0.339017,0.339017
0.339017,0.339017
0.339017,0.339017
0.339017,0.339017
0.339017,0.339017
0.339017,0.339017
0.339017,0.339017
0.339017,0.339017
0.339017,0.339017
0.339017,0.339017
0.339017,0.339017
0.339017,0.339017
0.339017,0.339017
0.339017,0.339017
0.339017,0.339017
0.339017,0.339017
0.339017,0.339017
0.339017,0.339017
0.339017,0.339017
0.339017,0.339017
0.339017,0.339017
0.339017,0.339017
0.339017,0.339017
0.339017,0.339017
0.339017,0.339017
0.339017,0.339017
0.339017,0.339017
0.339017,0.339017
0.339017,0.339017
0.339017,0.339017
0.339017,0.339017
0.339017,0.339017
0.339017,0.339017
0.339017,0.339017
0.339017,0.339017
0.339017,0.339017
0.339017,0.339017
0.339017,0.339017
0.339017,0.339017
0.339017,0.339017
0.339017,0.339017
0.339017,0.339017
0.339017,0.339017
0.339017,0.339017
0.339017,0.339017
0.339017,0.339017
0.339017,0.339017
0.339017,0.339017
0.339017,0.339017
0.339017,0.339017
0.339017,0.339017
0.339017,0.339017
0.306023,0.238166
0.306023,0.306023
0.300088,0.300088
0.297446,0.245756
0.297446,0.297446
0.288689,0.241238
0.288689,0.288689
0.281291,0.229811
0.281291,0.281291
0.279883,0.238561
0.279883,0.279883
0.275274,0.236519
0.275274,0.275274
0.27472,0.23139
0.27472,0.27472
0.27281,0.240928
0.27281,0.27281
0.272448,0.234252
0.272448,0.272448
0.271693,0.234542
0.271693,0.271693
0.271317,0.257091
0.271317,0.271317
0.271026,0.260842
0.271026,0.271026
0.271019,0.24331
0.271019,0.271019
0.27008,0.242621
0.27008,0.27008
0.26998,0.233844
0.26998,0.26998
0.267872,0.267872
0.267801,0.238523
0.267801,0.267801
0.267132,0.23396
0.267132,0.267132
0.267036,0.267036
0.266439,0.248781
0.266439,0.266439
0.26629,0.23788
0.26629,0.26629
0.266222,0.225603
0.266222,0.266222
0.265661,0.233371
0.265661,0.265661
0.265223,0.237839
0.265223,0.265223
0.265049,0.248826
0.265049,0.265049
0.264688,0.232142
0.264688,0.264688
0.264538,0.227351
0.264538,0.264538
0.264362,0.234207
0.264362,0.264362
0.263829,0.238444
0.263829,0.263829
0.263567,0.228724
0.263567,0.263567
0.263431,0.246889
0.263431,0.263431
0.26313,0.232893
0.26313,0.26313
0.263062,0.243455
0.263062,0.263062
0.262694,0.24017
0.262694,0.262694
0.262464,0.23976
0.262464,0.262464
0.262083,0.262083
0.261949,0.236218
0.261949,0.261949
0.261667,0.257331
0.261667,0.261667
0.261387,0.225325
0.261387,0.261387
0.261295,0.244089
0.261295,0.261295
0.261238,0.261238
0.261156,0.239612
0.261156,0.261156
0.260971,0.239649
0.260971,0.260971
0.2604,0.239637
0.2604,0.2604
0.26006,0.24549
0.26006,0.26006
0.259765,0.259765
0.259553,0.237397
0.259553,0.259553
0.259442,0.259442
0.259405,0.244663
0.259405,0.259405
0.259369,0.237528
0.259369,0.259369
0.259308,0.231306
0.259308,0.259308
0.259274,0.234909
0.259274,0.259274
0.259197,0.245998
0.259197,0.259197
0.259097,0.238904
0.259097,0.259097
0.258904,0.237142
0.258904,0.258904
0.2589,0.238817
0.2589,0.2589
0.258817,0.239221
0.258817,0.258817
0.258518,0.258518
0.258488,0.258488
0.258296,0.258296
0.258269,0.258269
0.258184,0.249918
0.258184,0.258184
0.258088,0.251889
0.258088,0.258088
0.257886,0.257886
0.257736,0.257736
0.257697,0.257697
0.257557,0.238813
0.257557,0.257557
0.257378,0.257378
0.257182,0.234337
0.257182,0.257182
0.257054,0.2471
0.257054,0.257054
0.256932,0.256932
0.256822,0.235128
0.256822,0.256822
0.256777,0.227032
0.256777,0.256777
0.256772,0.235977
0.256772,0.256772
0.256752,0.256752
0.25631,0.25631
0.256238,0.239297
0.256238,0.256238
0.256106,0.233943
0.256106,0.256106
0.256084,0.256084
0.255857,0.234762
0.255857,0.255857
0.255467,0.255467
0.255391,0.238076
0.255391,0.255391
0.255345,0.255345
0.255205,0.255205
0.25517,0.25517
0.255145,0.244182
0.255145,0.255145
0.255132,0.244196
0.255132,0.255132
0.25509,0.24512
0.25509,0.25509
0.254935,0.249455
0.254935,0.254935
0.254905,0.254905
0.254821,0.23388
0.254821,0.254821
0.254813,0.254813
0.254722,0.254722
0.254691,0.248332
0.254691,0.254691
0.254618,0.242219
0.254618,0.254618
0.254532,0.223745
0.254532,0.254532
0.254408,0.254408
0.254315,0.254315
0.253996,0.253996
0.253951,0.236569
0.253951,0.253951
0.253939,0.253939
0.253729,0.226096
0.253729,0.253729
0.253716,0.253716
0.253664,0.230551
0.253664,0.253664
0.253641,0.250135
0.253641,0.253641
0.253572,0.253572
0.253546,0.226815
0.253546,0.253546
0.253303,0.246979
0.253303,0.253303
0.253025,0.234982
0.253025,0.253025
0.253003,0.24175
0.253003,0.253003
0.252983,0.238716
0.252983,0.252983
0.252944,0.245184
0.252944,0.252944
0.252911,0.239744
0.252911,0.252911
0.252902,0.226123
0.252902,0.252902
0.252705,0.241663
0.252705,0.252705
0.252586,0.252586
0.252513,0.23365
0.252513,0.252513
0.252493,0.252493
0.252335,0.252335
0.252333,0.231787
0.252333,0.252333
0.252328,0.252328
0.251918,0.235293
0.251918,0.251918
0.251879,0.251879
0.251864,0.234197
0.251864,0.251864
0.251863,0.235184
0.251863,0.251863
0.251834,0.250924
0.251834,0.251834
0.251827,0.251827
0.251708,0.249822
0.251708,0.251708
0.251552,0.237626
0.251552,0.251552
0.251519,0.251519
0.25148,0.231967
0.25148,0.25148
0.251448,0.245623
0.251448,0.251448
0.251357,0.239402
0.251357,0.251357
0.251317,0.251317
0.251266,0.251266
0.251203,0.234449
0.251203,0.251203
0.25119,0.230065
0.25119,0.25119
0.251135,0.22795
0.251135,0.251135
0.251063,0.251063
0.250995,0.245956
0.250995,0.250995
0.250809,0.250809
0.250806,0.250806
0.250707,0.250707
0.250691,0.250691
0.250594,0.250594
0.250589,0.246537
0.250589,0.250589
0.250579,0.250579
0.250536,0.228585
0.250536,0.250536
0.250535,0.250535
0.250499,0.242805
0.250499,0.250499
0.250494,0.250494
0.250429,0.236405
0.250429,0.250429
0.250346,0.250346
0.250172,0.250172
0.250029,0.250029
0.250013,0.250013
0.249984,0.249984
0.249965,0.247856
0.249965,0.249965
0.249799,0.249799
0.249754,0.249754
0.249702,0.249696
0.249702,0.249702
0.249687,0.249687
0.249667,0.233185
0.249667,0.249667
0.249606,0.249606
0.249542,0.249542
0.249489,0.249489
0.249419,0.241593
0.249419,0.249419
0.249418,0.237936
0.249418,0.249418
0.249407,0.23308
0.249407,0.249407
0.249373,0.240306
0.249373,0.249373
0.24936,0.234409
0.24936,0.24936
0.249227,0.237294
0.249227,0.249227
0.249155,0.223201
0.249155,0.249155
0.249055,0.238876
0.249055,0.249055
0.249024,0.249024
0.248908,0.248908
0.248861,0.248861
0.248837,0.248837
0.248835,0.248835
0.248826,0.248826
0.248801,0.248801
0.248779,0.248779
0.248761,0.248761
0.248657,0.236756
0.248657,0.248657
0.248637,0.230945
0.248637,0.248637
0.248539,0.248539
0.248472,0.230601
0.248472,0.248472
0.248436,0.248436
0.248415,0.232343
0.248415,0.248415
0.248401,0.248401
0.248357,0.248357
0.248084,0.248084
0.248039,0.248039
0.248036,0.248036
0.247884,0.238571
0.247884,0.247884
0.247821,0.247821
0.247783,0.247783
0.247755,0.247755
0.247739,0.231358
0.247739,0.247739
0.247704,0.247704
0.247681,0.23268
0.247681,0.247681
0.247602,0.247602
0.247579,0.24116
0.247579,0.247579
0.247565,0.247565
0.247562,0.247562
0.24742,0.239513
0.24742,0.24742
0.247327,0.231975
0.247327,0.247327
0.247286,0.247286
0.247234,0.236908
0.247234,0.247234
0.247209,0.247209
0.247131,0.241596
0.247131,0.247131
0.247083,0.242617
0.247083,0.247083
0.247072,0.247072
0.247056,0.247056
0.246984,0.246984
0.246978,0.23346
0.246978,0.246978
0.246817,0.227377
0.246817,0.246817
0.246739,0.233479
0.246739,0.246739
0.246596,0.246596
0.246565,0.232818
0.246565,0.246565
0.246523,0.234611
0.246523,0.246523
0.246523,0.246523
0.246467,0.246467
0.246448,0.23059
0.246448,0.246448
0.246427,0.24215
0.246427,0.246427
0.246416,0.246416
0.246357,0.22793
0.246357,0.246357
0.246324,0.228225
0.246324,0.246324
0.246312,0.246312
0.246276,0.226911
0.246276,0.246276
0.246254,0.246254
0.246239,0.229808
0.246239,0.246239
0.246114,0.2274
0.246114,0.246114
0.246102,0.246102
0.246071,0.226175
0.246071,0.246071
0.24605,0.239292
0.24605,0.24605
0.246039,0.246039
0.245955,0.222224
0.245955,0.245955
0.245919,0.245919
0.245863,0.245863
0.245808,0.237036
0.245808,0.245808
0.245763,0.232703
0.245763,0.245763
0.24572,0.230308
0.24572,0.24572
0.245665,0.245665
0.245646,0.241702
0.245646,0.245646
0.245616,0.229382
0.245616,0.245616
0.245515,0.231901
0.245515,0.245515
0.245507,0.245507
0.245432,0.227788
0.245432,0.245432
0.245319,0.236534
0.245319,0.245319
0.245216,0.245216
0.24518,0.233943
0.24518,0.24518
0.245167,0.245167
0.245101,0.236504
0.245101,0.245101
0.245098,0.24136
0.245098,0.245098
0.245014,0.245014
0.245004,0.245004
0.244999,0.244999
0.244993,0.244993
0.244983,0.244983
0.24495,0.24495
0.244942,0.244942
0.244882,0.244882
0.244869,0.244869
0.244819,0.244819
0.244771,0.234413
0.244771,0.244771
0.244706,0.233836
0.244706,0.244706
0.244696,0.244696
0.244649,0.244649
0.244604,0.244604
0.244589,0.242161
0.244589,0.244589
0.244576,0.244576
0.244575,0.231087
0.244575,0.244575
0.244575,0.244575
0.244568,0.244568
0.244503,0.244503
0.244483,0.231783
0.244483,0.244483
0.244358,0.244358
0.244296,0.244296
0.244282,0.233554
0.244282,0.244282
0.244258,0.244258
0.244246,0.244246
0.24424,0.24424
0.244229,0.244229
0.244206,0.234538
0.244206,0.244206
0.244152,0.244152
0.24414,0.226313
0.24414,0.24414
0.244125,0.244125
0.244078,0.233391
0.244078,0.244078
0.244049,0.244049
0.24402,0.238613
0.24402,0.24402
0.243943,0.230869
0.243943,0.243943
0.243913,0.243913
0.243871,0.243871
0.243869,0.243869
0.243865,0.243865
0.243826,0.243826
0.243785,0.236688
0.243785,0.243785
0.243717,0.233282
0.243717,0.243717
0.243627,0.243627
0.243571,0.243571
0.243568,0.243568
0.243564,0.243564
0.24353,0.231524
0.24353,0.24353
0.243477,0.243477
0.243471,0.243471
0.243403,0.243403
0.243351,0.243351
0.243322,0.243322
0.243318,0.234892
0.243318,0.243318
0.243291,0.243291
0.243265,0.243265
0.243261,0.234087
0.243261,0.243261
0.243248,0.240067
0.243248,0.243248
0.243211,0.22752
0.243211,0.243211
0.243204,0.230225
0.243204,0.243204
0.243201,0.243201
0.243196,0.243196
0.243135,0.235486
0.243135,0.243135
0.243061,0.243061
0.243022,0.243022
0.243011,0.243011
0.243007,0.228218
0.243007,0.243007
0.243,0.243
0.242992,0.233569
0.242992,0.242992
0.242992,0.241824
0.242992,0.242992
0.242956,0.242956
0.242936,0.240629
0.242936,0.242936
0.24292,0.24292
0.242863,0.235324
0.242863,0.242863
0.242785,0.242785
0.242763,0.242763
0.242743,0.242743
0.242733,0.232355
0.242733,0.242733
0.242697,0.242697
0.242675,0.222776
0.242675,0.242675
0.242662,0.242662
0.242649,0.229383
0.242649,0.242649
0.242621,0.242621
0.242605,0.226981
0.242605,0.242605
0.242604,0.242604
0.242545,0.221839
0.242545,0.242545
0.242528,0.225808
0.242528,0.242528
0.242493,0.219888
0.242493,0.242493
0.24249,0.225972
0.24249,0.24249
0.242481,0.242481
0.242477,0.242477
0.242455,0.226181
0.242455,0.242455
0.242441,0.242441
0.242435,0.230533
0.242435,0.242435
0.242409,0.227955
0.242409,0.242409
0.242343,0.238973
0.242343,0.242343
0.242342,0.242342
0.242331,0.242331
0.242247,0.242247
0.24223,0.24223
0.242221,0.242221
0.242181,0.242181
0.242156,0.242156
0.242145,0.232263
0.242145,0.242145
0.242097,0.242097
0.242076,0.242076
0.24207,0.24207
0.242068,0.242068
0.242049,0.242049
0.242018,0.231864
0.242018,0.242018
0.241999,0.232524
0.241999,0.241999
0.241994,0.22933
0.241994,0.241994
0.241985,0.231492
0.241985,0.241985
0.241916,0.241916
0.241902,0.222732
0.241902,0.241902
0.241894,0.223752
0.241894,0.241894
0.241887,0.241887
0.241859,0.241859
0.241852,0.241852
0.241805,0.225712
0.241805,0.241805
0.241781,0.241781
0.241681,0.241681
0.241648,0.241648
0.241621,0.241621
0.241566,0.229918
0.241566,0.241566
0.241485,0.235405
0.241485,0.241485
0.241451,0.23239
0.241451,0.241451
0.241436,0.241436
0.24136,0.24136
0.241323,0.241323
0.241289,0.231119
0.241289,0.241289
0.241245,0.241245
0.241224,0.235601
0.241224,0.241224
0.241197,0.241197
0.241173,0.241173
0.241166,0.241166
0.241161,0.241161
0.241102,0.241102
0.241089,0.234991
0.241089,0.241089
0.241067,0.241067
0.241002,0.23972
0.241002,0.241002
0.240989,0.223575
0.240989,0.240989
0.240962,0.240962
0.240917,0.240917
0.240906,0.240906
0.240901,0.240901
0.240884,0.223213
0.240884,0.240884
0.24082,0.24082
0.240807,0.240807
0.240798,0.240798
0.24078,0.24078
0.240768,0.240186
0.240768,0.240768
0.240755,0.232631
0.240755,0.240755
0.240746,0.240746
0.240708,0.240708
0.240676,0.239279
0.240676,0.240676
0.240673,0.240673
0.24067,0.24067
0.240658,0.240658
0.2406,0.2406
0.240582,0.240582
0.240552,0.237589
0.240552,0.240552
0.240509,0.240509
0.240506,0.240506
0.240495,0.221158
0.240495,0.240495
0.240446,0.227283
0.240446,0.240446
0.240388,0.233768
0.240388,0.240388
0.240375,0.235979
0.240375,0.240375
0.240348,0.240348
0.240321,0.240321
0.240296,0.240296
0.240167,0.240167
0.240148,0.232368
0.240148,0.240148
0.240134,0.240134
0.240099,0.240099
0.240097,0.240097
0.240065,0.217624
0.240065,0.240065
0.240039,0.240039
0.240034,0.240034
0.239938,0.239938
0.239933,0.239933
0.239891,0.239891
0.239851,0.239851
0.239822,0.226978
0.239822,0.239822
0.239815,0.239815
0.239779,0.231799
0.239779,0.239779
0.239663,0.239663
0.239628,0.239628
0.239628,0.235212
0.239628,0.239628
0.239609,0.224923
0.239609,0.239609
0.239588,0.239588
0.239588,0.239588
0.239555,0.223964
0.239555,0.239555
0.23955,0.23955
0.239498,0.239498
0.239496,0.238274
0.239496,0.239496
0.239464,0.239464
0.23946,0.23946
0.239413,0.239413
0.239399,0.229657
0.239399,0.239399
0.239392,0.239392
0.239356,0.239356
0.239347,0.224929
0.239347,0.239347
0.239338,0.239338
0.239309,0.239309
0.2393,0.2393
0.239219,0.239219
0.239195,0.226258
0.239195,0.239195
0.239184,0.239184
0.239149,0.227186
0.239149,0.239149
0.239145,0.239145
0.239128,0.239128
0.239127,0.236817
0.239127,0.239127
0.239089,0.239089
0.239072,0.239072
0.239058,0.239058
0.239042,0.239042
0.239012,0.239012
0.238988,0.234576
0.238988,0.238988
0.238974,0.223458
0.238974,0.238974
0.238973,0.238973
0.238965,0.238965
0.238947,0.238947
0.238938,0.238938
0.238926,0.225283
0.238926,0.238926
0.238925,0.238925
0.238875,0.238875
0.238855,0.238855
0.238752,0.238752
0.238735,0.238735
0.238731,0.238731
0.238724,0.229403
0.238724,0.238724
0.23862,0.23862
0.238513,0.238513
0.238503,0.231784
0.238503,0.238503
0.238479,0.23579
0.238479,0.238479
0.23846,0.23846
0.238441,0.238441
0.238389,0.238389
0.238382,0.238382
0.238366,0.238366
0.23834,0.23834
0.238335,0.225744
0.238335,0.238335
0.238328,0.238328
0.238323,0.22947
0.238323,0.238323
0.238279,0.238279
0.238249,0.238249
0.238243,0.223256
0.238243,0.238243
0.238231,0.238231
0.238217,0.238217
0.238201,0.238201
0.238185,0.238185
0.238144,0.2369
0.238144,0.238144
0.238136,0.234737
0.238136,0.238136
0.238133,0.238133
0.238113,0.229436
0.238113,0.238113
0.238106,0.234698
0.238106,0.238106
0.238085,0.224668
0.238085,0.238085
0.238079,0.238079
0.238068,0.234071
0.238068,0.238068
0.238067,0.238067
0.238002,0.238002
0.237991,0.233881
0.237991,0.237991
0.237961,0.237961
0.23796,0.23796
0.237958,0.237958
0.237941,0.237941
0.237936,0.22474
0.237936,0.237936
0.2379,0.2379
0.237892,0.237892
0.23789,0.23789
0.237853,0.237853
0.237841,0.237841
0.237832,0.231177
0.237832,0.237832
0.237786,0.237786
0.23773,0.23773
0.237721,0.2329
0.237721,0.237721
0.237713,0.229526
0.237713,0.237713
0.237698,0.237698
0.237697,0.237697
0.237697,0.237697
0.237695,0.237695
0.237674,0.237674
0.237649,0.237649
0.237648,0.237648
0.237637,0.237637
0.237631,0.237631
0.237583,0.237583
0.237563,0.237563
0.237558,0.237558
0.237503,0.237503
0.2375,0.2375
0.237484,0.237484
0.237478,0.237478
0.23747,0.23747
0.237469,0.237469
0.237463,0.225361
0.237463,0.237463
0.237455,0.230251
0.237455,0.237455
0.237435,0.237435
0.237433,0.237433
0.237427,0.237427
0.237427,0.237427
0.237426,0.237426
0.237424,0.237424
0.237387,0.237387
0.237384,0.237384
0.237361,0.228341
0.237361,0.237361
0.237356,0.237356
0.237256,0.237256
0.237243,0.2279
0.237243,0.237243
0.237239,0.237239
0.237196,0.237196
0.237159,0.237159
0.23714,0.23714
0.237138,0.231423
0.237138,0.237138
0.23712,0.23712
0.237118,0.237118
0.237108,0.237108
0.237103,0.22574
0.237103,0.237103
0.237067,0.229962
0.237067,0.237067
0.237051,0.237051
0.237046,0.228592
0.237046,0.237046
0.237039,0.237039
0.237032,0.237032
0.237032,0.237032
0.237015,0.237015
0.236976,0.236976
0.236974,0.226963
0.236974,0.236974
0.236968,0.22814
0.236968,0.236968
0.23696,0.23696
0.236958,0.22771
0.236958,0.236958
0.236956,0.227446
0.236956,0.236956
0.236931,0.236931
0.236925,0.226024
0.236925,0.236925
0.236922,0.236922
0.236864,0.236864
0.236827,0.236827
0.236826,0.236826
0.236818,0.236818
0.23676,0.23676
0.236674,0.236674
0.236652,0.236652
0.236641,0.236641
0.236563,0.236563
0.236553,0.236553
0.236548,0.236548
0.236529,0.229902
0.236529,0.236529
0.236498,0.236498
0.23647,0.23647
0.236457,0.236457
0.23645,0.22916
0.23645,0.23645
0.236447,0.236447
0.236426,0.236426
0.236419,0.236419
0.23639,0.23639
0.236381,0.236381
0.236363,0.236363
0.236357,0.236357
0.236354,0.236354
0.236299,0.236299
0.236295,0.236295
0.236256,0.230256
0.236256,0.236256
0.236248,0.236248
0.236219,0.232111
0.236219,0.236219
0.236216,0.236216
0.236207,0.236207
0.236187,0.236187
0.236172,0.236172
0.236161,0.227492
0.236161,0.236161
0.236142,0.236142
0.236084,0.227257
0.236084,0.236084
0.236081,0.236081
0.236078,0.232159
0.236078,0.236078
0.236038,0.236038
0.236023,0.228201
0.236023,0.236023
0.23601,0.233531
0.23601,0.23601
0.235982,0.231738
0.235982,0.235982
0.235973,0.235973
0.235945,0.235945
0.235929,0.234958
0.235929,0.235929
0.235914,0.235914
0.235897,0.235897
0.235881,0.235881
0.235831,0.223826
0.235831,0.235831
0.235815,0.235815
0.235807,0.23499
0.235807,0.235807
0.235779,0.235779
0.23576,0.23576
0.235758,0.227517
0.235758,0.235758
0.235738,0.231009
0.235738,0.235738
0.235735,0.231362
0.235735,0.235735
0.235718,0.235718
0.235715,0.235715
0.235701,0.235701
0.2357,0.225838
0.2357,0.2357
0.235691,0.235691
0.235683,0.235683
0.235671,0.235671
0.235665,0.227851
0.235665,0.235665
0.235653,0.230335
0.235653,0.235653
0.235646,0.234207
0.235646,0.235646
0.235644,0.235644
0.235641,0.235641
0.235632,0.235632
0.235615,0.235615
0.235614,0.23035
0.235614,0.235614
0.235603,0.235603
0.235599,0.235599
0.235582,0.235582
0.235563,0.228621
0.235563,0.235563
0.23556,0.23556
0.235552,0.235552
0.235525,0.235525
0.235496,0.235411
0.235496,0.235496
0.235492,0.235492
0.235465,0.235465
0.235463,0.235463
0.235457,0.228654
0.235457,0.235457
0.235447,0.228759
0.235447,0.235447
0.235445,0.235445
0.235402,0.227578
0.235402,0.235402
0.235396,0.235396
0.235355,0.226078
0.235355,0.235355
0.235348,0.235348
0.235347,0.233301
0.235347,0.235347
0.235308,0.234359
0.235308,0.235308
0.235303,0.235303
0.235286,0.235286
0.235261,0.226327
0.235261,0.235261
0.235246,0.235246
0.235239,0.235239
0.235235,0.235235
0.235223,0.229575
0.235223,0.235223
0.235218,0.235218
0.235205,0.235205
0.235201,0.233228
0.235201,0.235201
0.235192,0.235192
0.235174,0.229861
0.235174,0.235174
0.235174,0.235174
0.235165,0.235165
0.235137,0.235137
0.235103,0.231185
0.235103,0.235103
0.235097,0.217538
0.235097,0.235097
0.235088,0.235088
0.235085,0.232493
0.235085,0.235085
0.235085,0.235085
0.235082,0.226295
0.235082,0.235082
0.23505,0.23505
0.235024,0.235024
0.235002,0.235002
0.234963,0.228006
0.234963,0.234963
0.234926,0.234926
0.234923,0.234923
0.234923,0.234923
0.234907,0.234907
0.234892,0.22671
0.234892,0.234892
0.234882,0.234882
0.234869,0.234869
0.23486,0.232848
0.23486,0.23486
0.234848,0.227755
0.234848,0.234848
0.234844,0.234844
0.234831,0.234831
0.234814,0.229479
0.234814,0.234814
0.234787,0.234787
0.234773,0.22913
0.234773,0.234773
0.234766,0.234766
0.234765,0.233526
0.234765,0.234765
0.234727,0.228568
0.234727,0.234727
0.234719,0.234719
0.234718,0.234718
0.234714,0.234714
0.234673,0.234673
0.234657,0.227597
0.234657,0.234657
0.234656,0.234656
0.23464,0.23464
0.23459,0.23459
0.23458,0.23458
0.234573,0.234573
0.234553,0.234553
0.234538,0.234538
0.234534,0.234534
0.234511,0.234511
0.234499,0.222468
0.234499,0.234499
0.234498,0.225981
0.234498,0.234498
0.234482,0.228782
0.234482,0.234482
0.234475,0.234475
0.234474,0.234474
0.234459,0.234459
0.234457,0.234457
0.23444,0.23444
0.234437,0.234437
0.234417,0.234417
0.234415,0.234415
0.234404,0.230788
0.234404,0.234404
0.234404,0.234404
0.234401,0.234401
0.234387,0.234387
0.234364,0.234364
0.234314,0.234314
0.234245,0.234245
0.234242,0.228251
0.234242,0.234242
0.234238,0.227128
0.234238,0.234238
0.234222,0.234222
0.234217,0.234217
0.234134,0.234134
0.234109,0.234109
0.234084,0.234084
0.234046,0.228942
0.234046,0.234046
0.234035,0.231242
0.234035,0.234035
0.234018,0.234018
0.234015,0.234015
0.234014,0.234014
0.234002,0.231246
0.234002,0.234002
0.233979,0.233979
0.233972,0.233972
0.233962,0.233962
0.233961,0.222118
0.233961,0.233961
0.233937,0.233937
0.233932,0.233932
0.233931,0.233931
0.233929,0.233929
0.2339,0.2339
0.233895,0.233895
0.233894,0.233894
0.233886,0.2277
0.233886,0.233886
0.233883,0.233883
0.233876,0.233876
0.233854,0.232703
0.233854,0.233854
0.233798,0.233798
0.233731,0.233731
0.233731,0.225672
0.233731,0.233731
0.233726,0.233726
0.233709,0.230654
0.233709,0.233709
0.233684,0.231394
0.233684,0.233684
0.233683,0.233683
0.233665,0.233665
0.233657,0.225206
0.233657,0.233657
0.233617,0.233617
0.23361,0.23361
0.233604,0.233604
0.233601,0.228131
0.233601,0.233601
0.233594,0.233594
0.233579,0.233579
0.233565,0.233565
0.233552,0.233552
0.233551,0.233551
0.233527,0.233527
0.233513,0.233513
0.233508,0.233508
0.233496,0.233496
0.233489,0.233489
0.233487,0.229631
0.233487,0.233487
0.233464,0.233464
0.233448,0.233448
0.233426,0.233426
0.233422,0.233422
0.233409,0.233409
0.233401,0.233401
0.233395,0.233395
0.233394,0.226994
0.233394,0.233394
0.233391,0.233391
0.233342,0.233342
0.233293,0.226473
0.233293,0.233293
0.233289,0.233289
0.233288,0.224309
0.233288,0.233288
0.233282,0.233282
0.23328,0.23328
0.233272,0.233272
0.23327,0.23327
0.233268,0.233268
0.233232,0.221615
0.233232,0.233232
0.233224,0.233224
0.233224,0.233224
0.23322,0.222852
0.23322,0.23322
0.233213,0.233213
0.233209,0.233209
0.233207,0.233207
0.233203,0.233203
0.233201,0.233201
0.2332,0.2332
0.233186,0.233186
0.23318,0.23318
0.23318,0.23318
0.23317,0.23317
0.233168,0.233168
0.233164,0.233164
0.233141,0.233141
0.233118,0.233118
0.233116,0.233116
0.233111,0.233111
0.233094,0.228286
0.233094,0.233094
0.233069,0.232592
0.233069,0.233069
0.233049,0.233049
0.233035,0.231912
0.233035,0.233035
0.233027,0.228683
0.233027,0.233027
0.233013,0.229158
0.233013,0.233013
0.233003,0.233003
0.233002,0.233002
0.232987,0.232987
0.232984,0.232984
0.232982,0.225273
0.232982,0.232982
0.23298,0.23298
0.23298,0.23298
0.232965,0.232965
0.232957,0.232957
0.232927,0.232927
0.232916,0.232916
0.232913,0.224812
0.232913,0.232913
0.232874,0.22521
0.232874,0.232874
0.232869,0.232869
0.232863,0.232863
0.232853,0.232853
0.23284,0.23284
0.232838,0.232838
0.232838,0.232838
0.232828,0.232828
0.232827,0.232827
0.232791,0.232791
0.23279,0.23279
0.232788,0.232788
0.232787,0.232787
0.232775,0.232775
0.232773,0.232773
0.232753,0.232753
0.23275,0.217824
0.23275,0.23275
0.232721,0.232721
0.232716,0.232716
0.232711,0.232711
0.232709,0.232709
0.232705,0.231296
0.232705,0.232705
0.232695,0.232695
0.232692,0.232692
0.232688,0.232688
0.232682,0.230611
0.232682,0.232682
0.232667,0.232667
0.232662,0.232662
0.232656,0.232656
0.232642,0.231665
0.232642,0.232642
0.232641,0.232641
0.23262,0.23262
0.232595,0.232595
0.232594,0.232594
0.232589,0.232589
0.23258,0.223466
0.23258,0.23258
0.232576,0.21771
0.232576,0.232576
0.232571,0.232571
0.232556,0.232556
0.232545,0.22395
0.232545,0.232545
0.232505,0.232505
0.232496,0.232496
0.232475,0.226481
0.232475,0.232475
0.232472,0.232472
0.232436,0.232436
0.232432,0.232432
0.232432,0.232432
0.232392,0.232392
0.232386,0.232386
0.232377,0.232377
0.232374,0.232374
0.232357,0.232357
0.232339,0.232339
0.232324,0.232324
0.232316,0.232316
0.232269,0.232269
0.232254,0.232254
0.232251,0.232251
0.232205,0.224893
0.232205,0.232205
0.232201,0.232201
0.232184,0.232184
0.232184,0.232184
0.232182,0.232182
0.232176,0.232176
0.232169,0.232169
0.232158,0.232158
0.232147,0.232147
0.232103,0.232103
0.232103,0.221574
0.232103,0.232103
0.23209,0.23209
0.232084,0.232084
0.232082,0.22956
0.232082,0.232082
0.232071,0.232071
0.232063,0.232063
0.232057,0.232057
0.23205,0.23205
0.232017,0.232017
0.232016,0.232016
0.231992,0.231992
0.231988,0.231988
0.23198,0.23198
0.231978,0.231978
0.231974,0.229704
0.231974,0.231974
0.231963,0.231963
0.231961,0.228825
0.231961,0.231961
0.231935,0.226297
0.231935,0.231935
0.23193,0.23193
0.23193,0.23193
0.231912,0.231912
0.2319,0.230194
0.2319,0.2319
0.231897,0.231897
0.231894,0.231894
0.231892,0.231892
0.231889,0.228583
0.231889,0.231889
0.231887,0.229277
0.231887,0.231887
0.231876,0.231876
0.231864,0.231864
0.231856,0.231856
0.231855,0.231855
0.231853,0.231853
0.231845,0.231845
0.231842,0.231842
0.231812,0.224401
0.231812,0.231812
0.231792,0.222688
0.231792,0.231792
0.23179,0.23179
0.231778,0.231778
0.231769,0.231769
0.231764,0.231764
0.231759,0.231759
0.231756,0.231756
0.231755,0.231755
0.231748,0.231748
0.231738,0.231738
0.231727,0.231727
0.231725,0.219996
0.231725,0.231725
0.23172,0.23172
0.231704,0.22932
0.231704,0.231704
0.231703,0.231703
0.231696,0.231696
0.231689,0.231689
0.231676,0.231676
0.231664,0.231664
0.231656,0.224583
0.231656,0.231656
0.231647,0.231647
0.231628,0.231628
0.2316,0.2316
0.231586,0.231586
0.231573,0.231573
0.231567,0.231567
0.231558,0.231558
0.231557,0.22587
0.231557,0.231557
0.231555,0.231555
0.231541,0.231541
0.231539,0.231539
0.231538,0.231538
0.231532,0.231532
0.231524,0.231524
0.231471,0.231471
0.231471,0.231471
0.231466,0.231466
0.231464,0.231464
0.231462,0.231462
0.231453,0.231453
0.231452,0.231452
0.231449,0.231449
0.23144,0.22366
0.23144,0.23144
0.231426,0.231426
0.231413,0.231413
0.231403,0.231403
0.231398,0.231398
0.231362,0.231362
0.231353,0.231353
0.231343,0.221263
0.231343,0.231343
0.231338,0.231338
0.231321,0.231321
0.231303,0.231303
0.231301,0.231301
0.231299,0.231299
0.231286,0.231286
0.231266,0.231266
0.231265,0.231265
0.231249,0.231249
0.231248,0.231101
0.231248,0.231248
0.231237,0.231237
0.231236,0.231236
0.231231,0.231231
0.23123,0.23123
0.231215,0.231215
0.231204,0.231204
0.2312,0.2312
0.231198,0.231198
0.231198,0.231198
0.231194,0.224341
0.231194,0.231194
0.231185,0.231185
0.231182,0.231182
0.231181,0.231181
0.231165,0.231165
0.231154,0.231154
0.23114,0.23114
0.231137,0.231137
0.231136,0.231136
0.231126,0.231126
0.231122,0.231122
0.231103,0.231103
0.231095,0.231095
0.231088,0.231088
0.231074,0.231074
0.231071,0.226915
0.231071,0.231071
0.231066,0.231066
0.231039,0.231039
0.231032,0.231032
0.231025,0.231025
0.231025,0.231025
0.231022,0.231022
0.231019,0.231019
0.231018,0.231018
0.231009,0.231009
0.231007,0.231007
0.231002,0.231002
0.230985,0.230985
0.230974,0.230974
0.230962,0.230962
0.230954,0.230954
0.230937,0.230937
0.230928,0.230928
0.230892,0.230892
0.230864,0.230864
0.230857,0.223666
0.230857,0.230857
0.230854,0.229454
0.230854,0.230854
0.230853,0.230853
0.230837,0.230837
0.230833,0.230833
0.230818,0.230818
0.230795,0.230795
0.230769,0.230769
0.230769,0.230769
0.230765,0.230765
0.230757,0.227307
0.230757,0.230757
0.230753,0.230753
0.23074,0.23074
0.230738,0.230738
0.230731,0.230731
0.230724,0.230724
0.23071,0.23071
0.230699,0.230699
0.230689,0.230689
0.230684,0.230684
0.230682,0.230682
0.230674,0.230674
0.230665,0.230665
0.230654,0.230654
0.230651,0.230651
0.230651,0.230651
0.230642,0.230642
0.23064,0.23064
0.230637,0.230637
0.230627,0.230627
0.230607,0.228319
0.230607,0.230607
0.230601,0.230601
0.230584,0.230584
0.230583,0.230583
0.230569,0.230569
0.230568,0.230568
0.230559,0.222688
0.230559,0.230559
0.230557,0.230557
0.230553,0.230553
0.230531,0.230531
0.230529,0.230529
0.230528,0.230528
0.230524,0.222665
0.230524,0.230524
0.230522,0.228239
0.230522,0.230522
0.230501,0.230501
0.230496,0.230496
0.230495,0.227502
0.230495,0.230495
0.23049,0.23049
0.23049,0.23049
0.230488,0.230488
0.230483,0.230483
0.230481,0.230481
0.230478,0.230478
0.230475,0.228523
0.230475,0.230475
0.230466,0.228087
0.230466,0.230466
0.230466,0.230466
0.230456,0.230456
0.230443,0.230443
0.230432,0.230432
0.230413,0.230413
0.230408,0.230408
0.230398,0.230398
0.230395,0.227176
0.230395,0.230395
0.230379,0.230379
0.230375,0.230375
0.230374,0.218809
0.230374,0.230374
0.23037,0.23037
0.230367,0.230367
0.230312,0.230312
0.230312,0.230312
0.230297,0.230297
0.23029,0.219043
0.23029,0.23029
0.230281,0.230281
0.230274,0.230274
0.230261,0.230261
0.230233,0.230233
0.230225,0.230225
0.230223,0.222783
0.230223,0.230223
0.23021,0.23021
0.230192,0.220621
0.230192,0.230192
0.23019,0.23019
0.230174,0.227675
0.230174,0.230174
0.230171,0.230171
0.230165,0.230165
0.230149,0.230149
0.230141,0.230141
0.230138,0.230138
0.230127,0.230127
0.230123,0.230123
0.230118,0.230118
0.23011,0.23011
0.230106,0.230106
0.230102,0.228276
0.230102,0.230102
0.230084,0.230084
0.23007,0.23007
0.23007,0.23007
0.230061,0.230061
0.230041,0.230041
0.230037,0.230037
0.230032,0.230032
0.230029,0.230029
0.230027,0.230027
0.230018,0.230018
0.230002,0.230002
0.229993,0.229993
0.229984,0.229984
0.22998,0.22998
0.229965,0.229965
0.229953,0.229953
0.229947,0.229947
0.229938,0.229938
0.229938,0.229938
0.229927,0.229927
0.229912,0.229912
0.229909,0.228755
0.229909,0.229909
0.229897,0.229897
0.229894,0.229894
0.22989,0.22989
0.229882,0.229882
0.229857,0.224919
0.229857,0.229857
0.229848,0.229848
0.22984,0.22984
0.22984,0.22984
0.22984,0.22984
0.229817,0.229817
0.22981,0.227049
0.22981,0.22981
0.229806,0.229806
0.229783,0.229783
0.229774,0.229774
0.229763,0.229763
0.229745,0.229745
0.229739,0.229739
0.229736,0.221534
0.229736,0.229736
0.229725,0.229725
0.229685,0.229685
0.229673,0.229673
0.229655,0.222513
0.229655,0.229655
0.22965,0.22965
0.229641,0.229641
0.229605,0.229605
0.229589,0.229589
0.229572,0.229572
0.229565,0.229565
0.229565,0.229565
0.229556,0.224218
0.229556,0.229556
0.229547,0.229547
0.229538,0.229538
0.229534,0.229534
0.229525,0.229525
0.229522,0.229522
0.229522,0.229522
0.229517,0.227436
0.229517,0.229517
0.229516,0.22751
0.229516,0.229516
0.229511,0.229511
0.229499,0.229499
0.229494,0.229494
0.229485,0.229485
0.229483,0.229483
0.229481,0.229481
0.229471,0.223668
0.229471,0.229471
0.229463,0.229463
0.229463,0.229463
0.229451,0.229451
0.229438,0.217911
0.229438,0.229438
0.229433,0.223472
0.229433,0.229433
0.229432,0.229432
0.229419,0.229419
0.229385,0.229385
0.229384,0.229384
0.22938,0.22938
0.229377,0.229377
0.229375,0.229375
0.229373,0.229373
0.229365,0.229079
0.229365,0.229365
0.229343,0.229343
0.22933,0.22933
0.229322,0.220006
0.229322,0.229322
0.229317,0.229317
0.229308,0.222302
0.229308,0.229308
0.229296,0.229296
0.229292,0.222298
0.229292,0.229292
0.229287,0.229287
0.229272,0.229272
0.229266,0.229266
0.22925,0.22925
0.229249,0.229249
0.229242,0.229242
0.229232,0.229232
0.229221,0.229221
0.229216,0.229216
0.229215,0.229215
0.229213,0.229213
0.229201,0.229201
0.229199,0.22379
0.229199,0.229199
0.229194,0.229194
0.229186,0.229186
0.22917,0.22917
0.229139,0.229139
0.229118,0.229118
0.229118,0.229118
0.229099,0.229099
0.229086,0.229086
0.229077,0.229077
0.229071,0.229071
0.229067,0.229067
0.229067,0.229067
0.229061,0.229061
0.22906,0.22906
0.229059,0.229059
0.229059,0.229059
0.229058,0.229058
0.22905,0.22905
0.229032,0.229032
0.229027,0.22228
0.229027,0.229027
0.229026,0.229026
0.229021,0.229021
0.229016,0.229016
0.229015,0.229015
0.229006,0.229006
0.229005,0.229005
0.228998,0.228998
0.228966,0.228966
0.228966,0.228966
0.228965,0.228965
0.228957,0.228957
0.228954,0.228954
0.228938,0.228938
0.228933,0.228933
0.228901,0.228901
0.228898,0.228898
0.228892,0.228892
0.228891,0.228891
0.228886,0.227726
0.228886,0.228886
0.228876,0.228876
0.228867,0.228867
0.228865,0.228865
0.228859,0.228859
0.228853,0.228853
0.228852,0.228852
0.228849,0.228849
0.228836,0.228836
0.228829,0.228829
0.228828,0.228828
0.228819,0.218301
0.228819,0.228819
0.228807,0.222558
0.228807,0.228807
0.2288,0.2288
0.228789,0.224056
0.228789,0.228789
0.228783,0.228783
0.228778,0.221698
0.228778,0.228778
0.228774,0.228774
0.228774,0.228774
0.228772,0.228772
0.228769,0.228769
0.22875,0.22875
0.228746,0.228746
0.228742,0.228742
0.22874,0.227144
0.22874,0.22874
0.228729,0.228729
0.228721,0.228721
0.228712,0.226859
0.228712,0.228712
0.2287,0.2287
0.22868,0.22868
0.228678,0.228678
0.228675,0.228675
0.22867,0.22867
0.228657,0.228657
0.228654,0.228654
0.228643,0.228643
0.228641,0.228641
0.228633,0.228633
0.228622,0.228622
0.22862,0.22862
0.228619,0.228619
0.228617,0.228617
0.228617,0.228617
0.228616,0.228616
0.228607,0.228607
0.228603,0.228603
0.228583,0.228583
0.228571,0.228571
0.228569,0.228569
0.228559,0.228559
0.228549,0.221597
0.228549,0.228549
0.228549,0.224731
0.228549,0.228549
0.228508,0.228508
0.228506,0.228506
0.228499,0.228499
0.228497,0.228497
0.228489,0.228489
0.228487,0.228487
0.228486,0.228486
0.228483,0.228483
0.228479,0.228479
0.228475,0.228475
0.228474,0.228474
0.22847,0.22847
0.228459,0.228459
0.228459,0.228459
0.228448,0.228448
0.228443,0.228443
0.228433,0.228433
0.22843,0.22843
0.228423,0.228423
0.228414,0.223135
0.228414,0.228414
0.228406,0.228406
0.228405,0.228405
0.228404,0.228404
0.228391,0.228391
0.228377,0.228377
0.228368,0.228368
0.228356,0.222383
0.228356,0.228356
0.22835,0.22835
0.22835,0.22835
0.228345,0.228345
0.228337,0.228337
0.228324,0.228324
0.228314,0.228314
0.22831,0.22831
0.228274,0.228274
0.228262,0.228262
0.228262,0.228262
0.228261,0.228261
0.22825,0.22825
0.228246,0.228246
0.228245,0.228245
0.228241,0.228241
0.228241,0.228241
0.228232,0.228232
0.228228,0.228228
0.22822,0.22822
0.228216,0.228216
0.228206,0.228206
0.2282,0.2282
0.228197,0.228197
0.228187,0.227808
0.228187,0.228187
0.228183,0.228183
0.228176,0.228176
0.228163,0.228163
0.228157,0.228157
0.228151,0.228151
0.228146,0.228146
0.228145,0.228145
0.228133,0.228133
0.228125,0.228125
0.228121,0.228121
0.228114,0.228114
0.228103,0.228103
0.2281,0.2281
0.228099,0.228099
0.22809,0.219429
0.22809,0.22809
0.228085,0.228085
0.22808,0.22808
0.228074,0.228074
0.22807,0.22807
0.228068,0.228068
0.228066,0.228066
0.228066,0.228066
0.228057,0.222722
0.228057,0.228057
0.228027,0.228027
0.22802,0.22802
0.22802,0.22802
0.228,0.228
0.22799,0.22799
0.227986,0.224727
0.227986,0.227986
0.227966,0.227966
0.227959,0.227959
0.227957,0.227957
0.22795,0.22795
0.22794,0.22794
0.227937,0.227937
0.227934,0.227934
0.227897,0.227278
0.227897,0.227897
0.227889,0.227889
0.227888,0.218062
0.227888,0.227888
0.227885,0.227885
0.227885,0.227885
0.227883,0.227883
0.22787,0.22787
0.227865,0.227865
0.227863,0.227863
0.227863,0.227863
0.227861,0.22255
0.227861,0.227861
0.227857,0.227857
0.227842,0.227842
0.227837,0.227837
0.227837,0.224217
0.227837,0.227837
0.227836,0.227836
0.227823,0.227823
0.22782,0.22782
0.227814,0.227814
0.227814,0.22028
0.227814,0.227814
0.227806,0.22296
0.227806,0.227806
0.227805,0.227805
0.227804,0.227804
0.227804,0.227804
0.227803,0.227803
0.227795,0.227795
0.227781,0.227781
0.22778,0.22778
0.227778,0.227778
0.227776,0.227776
0.227759,0.227759
0.227746,0.227746
0.227743,0.227743
0.227732,0.227732
0.22773,0.223265
0.22773,0.22773
0.227723,0.227723
0.22772,0.22772
0.227712,0.227712
0.227704,0.227704
0.227704,0.227704
0.227697,0.227697
0.22767,0.22767
0.227668,0.227668
0.227664,0.227664
0.227662,0.227662
0.22766,0.22766
0.227654,0.227654
0.227633,0.227633
0.227633,0.227633
0.22763,0.219824
0.22763,0.22763
0.227625,0.227625
0.227623,0.227623
0.227622,0.227622
0.227622,0.227622
0.227617,0.227617
0.227614,0.227614
0.227613,0.227613
0.227607,0.227607
0.227604,0.227604
0.227597,0.227597
0.227591,0.227591
0.22759,0.22759
0.227586,0.227586
0.227578,0.227578
0.227577,0.227577
0.227577,0.227577
0.227575,0.227575
0.227547,0.227547
0.227538,0.226464
0.227538,0.227538
0.227532,0.227532
0.227526,0.215342
0.227526,0.227526
0.227521,0.227521
0.227519,0.227519
0.22751,0.22751
0.227492,0.227492
0.227488,0.227488
0.227484,0.2241
0.227484,0.227484
0.227472,0.227472
0.227472,0.227472
0.227469,0.22308
0.227469,0.227469
0.227452,0.227452
0.227451,0.227451
0.227449,0.227449
0.227443,0.227443
0.227438,0.227438
0.227434,0.227434
0.227411,0.220903
0.227411,0.227411
0.227407,0.227407
0.227406,0.227406
0.227405,0.227405
0.227403,0.227403
0.227402,0.227402
0.2274,0.2274
0.227397,0.227397
0.227387,0.227387
0.227387,0.227387
0.227385,0.227385
0.227385,0.227385
0.227384,0.227384
0.22738,0.22738
0.227378,0.227378
0.227369,0.227369
0.227363,0.227363
0.227342,0.227342
0.22734,0.22734
0.22734,0.22734
0.227338,0.227338
0.227338,0.227338
0.227331,0.227331
0.227328,0.227328
0.22732,0.22732
0.227307,0.227307
0.227302,0.22049
0.227302,0.227302
0.227296,0.227296
0.227294,0.227294
0.227294,0.227294
0.227293,0.227293
0.227292,0.221355
0.227292,0.227292
0.227282,0.227282
0.22728,0.22728
0.227272,0.227272
0.227265,0.227265
0.227264,0.227264
0.22724,0.22724
0.227233,0.227233
0.227233,0.227233
0.227231,0.227231
0.227229,0.227229
0.22722,0.22722
0.227218,0.227218
0.227218,0.227218
0.22721,0.22721
0.227208,0.227208
0.227201,0.227201
0.227196,0.227196
0.227191,0.227191
0.227186,0.227186
0.22718,0.22718
0.227179,0.227179
0.227156,0.227156
0.227152,0.227152
0.227146,0.227146
0.227145,0.227145
0.227144,0.227144
0.227143,0.227143
0.227139,0.227139
0.227139,0.227139
0.227137,0.227137
0.227116,0.227116
0.22711,0.22711
0.22711,0.22711
0.227096,0.227096
0.227079,0.227079
0.227071,0.227071
0.227057,0.227057
0.227053,0.227053
0.22705,0.223377
0.22705,0.22705
0.227044,0.227044
0.227043,0.227043
0.227032,0.227032
0.227026,0.227026
0.227025,0.227025
0.22702,0.22702
0.227002,0.227002
0.227001,0.227001
0.226992,0.226992
0.22699,0.22699
0.226979,0.226979
0.226975,0.226975
0.226971,0.226971
0.226967,0.226967
0.226959,0.226959
0.226959,0.226959
0.226955,0.226955
0.226954,0.226954
0.226953,0.226953
0.226952,0.226952
0.226951,0.226951
0.226947,0.226947
0.226944,0.226944
0.22693,0.216067
0.22693,0.22693
0.226928,0.226928
0.226927,0.226927
0.226927,0.226927
0.226918,0.226918
0.22691,0.22691
0.226909,0.226909
0.226894,0.226894
0.226892,0.226892
0.226889,0.226889
0.226882,0.226882
0.226882,0.214118
0.226882,0.226882
0.226882,0.226882
0.226882,0.226882
0.226867,0.226867
0.226864,0.226864
0.226852,0.226852
0.226813,0.226813
0.226812,0.226812
0.226808,0.226808
0.226803,0.226738
0.226803,0.226803
0.226799,0.226799
0.226798,0.226798
0.226792,0.226792
0.226785,0.226785
0.226783,0.226783
0.226776,0.226776
0.226769,0.226769
0.226765,0.226765
0.226758,0.226758
0.226755,0.226755
0.226754,0.226754
0.226751,0.226751
0.226746,0.226746
0.226742,0.226742
0.226741,0.226741
0.22674,0.22674
0.22674,0.22674
0.226731,0.226731
0.226728,0.226728
0.226724,0.226724
0.226717,0.226717
0.226714,0.226714
0.226705,0.226705
0.226695,0.226695
0.22669,0.22669
0.226682,0.226682
0.226682,0.226682
0.22668,0.22668
0.226679,0.226679
0.226678,0.226678
0.226655,0.226655
0.22665,0.22665
0.226648,0.226648
0.226646,0.226634
0.226646,0.226646
0.226646,0.226646
0.226644,0.226644
0.226642,0.226642
0.226638,0.226638
0.226635,0.226635
0.22663,0.22663
0.226627,0.226627
0.226622,0.226622
0.226614,0.226614
0.226609,0.226609
0.226606,0.226606
0.226602,0.226602
0.226595,0.226595
0.226594,0.226594
0.226588,0.223938
0.226588,0.226588
0.226586,0.226586
0.226577,0.22561
0.226577,0.226577
0.226549,0.220045
0.226549,0.226549
0.226519,0.226519
0.226518,0.226518
0.226513,0.226513
0.226508,0.226508
0.2265,0.224081
0.2265,0.2265
0.226487,0.226487
0.226479,0.226479
0.226464,0.226464
0.226445,0.226445
0.226432,0.226432
0.226426,0.226426
0.226424,0.226424
0.226412,0.226412
0.22641,0.22641
0.226405,0.217992
0.226405,0.226405
0.226396,0.226396
0.226396,0.226396
0.226395,0.226395
0.226391,0.226391
0.226388,0.226388
0.226388,0.226388
0.226386,0.226386
0.22638,0.22638
0.226375,0.226375
0.226371,0.226371
0.226352,0.226352
0.226351,0.226351
0.226351,0.226351
0.22635,0.22635
0.226341,0.222054
0.226341,0.226341
0.226333,0.226333
0.226332,0.226332
0.226329,0.226329
0.226328,0.226328
0.226321,0.226321
0.22632,0.22632
0.22632,0.22632
0.226309,0.226309
0.226305,0.226305
0.226304,0.226304
0.226303,0.226303
0.226303,0.226303
0.226295,0.226295
0.226293,0.226293
0.226292,0.226292
0.22629,0.22629
0.226282,0.226282
0.226281,0.226281
0.226279,0.226279
0.226278,0.226278
0.226277,0.226277
0.226272,0.226272
0.226269,0.226269
0.226265,0.226265
0.226264,0.226264
0.226261,0.226261
0.226261,0.224406
0.226261,0.226261
0.226261,0.226261
0.226252,0.226252
0.226249,0.226249
0.226247,0.226247
0.226243,0.226243
0.226232,0.226232
0.22622,0.22622
0.226217,0.226217
0.226215,0.226215
0.22621,0.22621
0.226199,0.226199
0.226194,0.226194
0.226194,0.226194
0.226194,0.226194
0.226185,0.226185
0.226178,0.226178
0.226173,0.223307
0.226173,0.226173
0.226165,0.226165
0.22616,0.22616
0.226146,0.226146
0.226145,0.226145
0.226123,0.226123
0.226102,0.226102
0.226098,0.226098
0.226097,0.226097
0.226086,0.226086
0.226075,0.226075
0.226048,0.226048
0.22604,0.22604
0.226032,0.226032
0.226024,0.226024
0.226021,0.226021
0.226019,0.226019
0.226015,0.226015
0.226009,0.226009
0.226004,0.226004
0.225997,0.225997
0.22598,0.22598
0.225978,0.225978
0.225974,0.225974
0.225968,0.225968
0.225963,0.225963
0.225961,0.225961
0.225956,0.225956
0.225955,0.225955
0.225951,0.225951
0.225941,0.225941
0.225938,0.225938
0.225929,0.225929
0.225929,0.225929
0.225929,0.225929
0.225921,0.225921
0.225921,0.225921
0.225916,0.225916
0.225911,0.225911
0.225902,0.225902
0.225901,0.225901
0.225901,0.225901
0.225897,0.225897
0.225896,0.225896
0.22589,0.22589
0.225888,0.225888
0.225885,0.225885
0.225884,0.225884
0.225875,0.225875
0.225868,0.225868
0.225862,0.225862
0.225862,0.225862
0.225856,0.225856
0.225852,0.225852
0.225852,0.225852
0.22585,0.22585
0.225841,0.225841
0.225839,0.225839
0.225836,0.225836
0.225836,0.225836
0.225834,0.225834
0.225824,0.225824
0.225818,0.225818
0.225808,0.225808
0.22579,0.22579
0.22578,0.22578
0.225764,0.225764
0.225762,0.225762
0.225762,0.225762
0.225759,0.225759
0.225745,0.225745
0.225741,0.225741
0.22574,0.22574
0.225739,0.225739
0.225732,0.225732
0.225732,0.225732
0.22573,0.22573
0.225727,0.225727
0.225723,0.225723
0.225723,0.225723
0.225721,0.225721
0.22572,0.22572
0.225716,0.225716
0.225714,0.225714
0.225711,0.225711
0.225711,0.225711
0.225708,0.225708
0.225708,0.225708
0.225707,0.225707
0.225696,0.225696
0.225693,0.225693
0.225687,0.225687
0.22568,0.22568
0.225672,0.225672
0.225663,0.225663
0.225637,0.225637
0.225633,0.225633
0.225625,0.225625
0.225619,0.225619
0.225614,0.225614
0.225601,0.225601
0.225585,0.225585
0.22558,0.22558
0.225579,0.225579
0.225578,0.225578
0.225572,0.225572
0.225571,0.225571
0.22557,0.22557
0.225562,0.225562
0.225559,0.225559
0.225555,0.225555
0.225541,0.225541
0.225539,0.225539
0.225538,0.225538
0.225536,0.225536
0.225522,0.225522
0.22552,0.22552
0.22552,0.22552
0.225519,0.225519
0.225517,0.225517
0.225512,0.225512
0.225505,0.225505
0.225496,0.225496
0.225491,0.225491
0.22549,0.22549
0.225475,0.225475
0.225467,0.225467
0.225465,0.225465
0.225464,0.225464
0.225461,0.225461
0.225457,0.225457
0.225445,0.225445
0.225444,0.225444
0.225436,0.225436
0.225436,0.225436
0.225434,0.225434
0.225431,0.225431
0.225431,0.225431
0.225428,0.225428
0.225423,0.225423
0.225421,0.225421
0.225418,0.225418
0.225411,0.225411
0.225406,0.225406
0.225405,0.225405
0.225402,0.225402
0.225402,0.218813
0.225402,0.225402
0.225389,0.225389
0.225387,0.225387
0.225373,0.225373
0.225358,0.225358
0.225354,0.225354
0.225346,0.225346
0.225323,0.225323
0.225313,0.225313
0.225312,0.225312
0.225312,0.225312
0.225309,0.225309
0.225304,0.225304
0.225296,0.225296
0.225285,0.225285
0.22528,0.22528
0.225278,0.225278
0.225271,0.225271
0.225266,0.225266
0.225265,0.225265
0.225261,0.225261
0.225258,0.225258
0.225255,0.225255
0.225245,0.225245
0.225234,0.225234
0.225224,0.225224
0.225219,0.225219
0.225207,0.225207
0.225202,0.225202
0.225201,0.225201
0.2252,0.2252
0.225193,0.225193
0.225191,0.225191
0.225189,0.225189
0.225187,0.225187
0.225181,0.225181
0.225175,0.225175
0.225172,0.224772
0.225172,0.225172
0.225171,0.225171
0.225152,0.225152
0.225146,0.225146
0.225145,0.225145
0.225143,0.225143
0.22514,0.22514
0.225129,0.225129
0.225127,0.225127
0.225123,0.225123
0.225103,0.225103
0.225102,0.225102
0.225101,0.225101
0.225094,0.225094
0.225089,0.225089
0.225089,0.225089
0.225084,0.225084
0.225083,0.225083
0.225078,0.225078
0.225076,0.225076
0.225075,0.225075
0.225075,0.225075
0.225068,0.225068
0.225056,0.225056
0.225049,0.225049
0.225049,0.225049
0.225048,0.225048
0.225045,0.225045
0.225035,0.225035
0.22503,0.216676
0.22503,0.22503
0.225025,0.225025
0.225024,0.225024
0.225017,0.223825
0.225017,0.225017
0.225015,0.225015
0.225,0.225
0.224993,0.224993
0.224989,0.224989
0.22498,0.223585
0.22498,0.22498
0.224972,0.224972
0.22496,0.22496
0.224959,0.224959
0.224954,0.224954
0.224954,0.224954
0.224953,0.224953
0.224951,0.224951
0.22495,0.22495
0.224928,0.224928
0.224912,0.224912
0.224907,0.224907
0.224903,0.224903
0.224893,0.224893
0.224876,0.224876
0.224876,0.224876
0.224873,0.224873
0.224873,0.224873
0.224872,0.224872
0.224868,0.224868
0.224867,0.224867
0.224865,0.224865
0.224857,0.224857
0.224856,0.224856
0.22485,0.22485
0.224844,0.224844
0.224835,0.224835
0.224831,0.224831
0.224826,0.224826
0.224819,0.224819
0.224811,0.224811
0.224796,0.224796
0.224791,0.224791
0.224786,0.224786
0.224775,0.224775
0.224768,0.224768
0.224768,0.224768
0.22476,0.22476
0.224759,0.224759
0.224759,0.224759
0.224758,0.224758
0.224758,0.22227
0.224758,0.224758
0.224756,0.224756
0.224748,0.224748
0.224743,0.224743
0.224738,0.224738
0.224738,0.224738
0.224728,0.224728
0.224728,0.224728
0.22472,0.22472
0.224717,0.224717
0.224716,0.224716
0.224709,0.224709
0.224709,0.224709
0.224708,0.224708
0.224706,0.224706
0.224706,0.224706
0.2247,0.2247
0.224688,0.224688
0.224684,0.224684
0.224682,0.224682
0.224676,0.224676
0.224675,0.224675
0.224672,0.224672
0.224668,0.224668
0.224667,0.224667
0.224663,0.224663
0.22466,0.22466
0.224658,0.224658
0.224633,0.224633
0.22463,0.22463
0.224627,0.224627
0.224625,0.224625
0.224623,0.224623
0.224617,0.224617
0.224616,0.224616
0.224604,0.224604
0.224604,0.224604
0.224593,0.224593
0.224592,0.224592
0.224585,0.224585
0.224583,0.224583
0.224544,0.224544
0.224541,0.224541
0.224529,0.224529
0.22452,0.22452
0.224519,0.224519
0.224512,0.224512
0.224512,0.224512
0.224503,0.224503
0.224499,0.224499
0.224496,0.224496
0.224495,0.224495
0.224494,0.224494
0.224486,0.224486
0.224485,0.224485
0.224479,0.224479
0.224473,0.224473
0.224467,0.224467
0.224464,0.224464
0.224463,0.224463
0.224461,0.224461
0.224456,0.224456
0.224452,0.224452
0.22445,0.22445
0.224448,0.224448
0.224439,0.224439
0.224438,0.224438
0.224435,0.224435
0.224423,0.224423
0.224421,0.224421
0.224416,0.224416
0.22441,0.22441
0.224401,0.224401
0.224387,0.224387
0.22438,0.22438
0.224375,0.224375
0.224359,0.224359
0.224353,0.224353
0.224345,0.224345
0.224341,0.221672
0.224341,0.224341
0.224335,0.224335
0.22433,0.22433
0.22433,0.22433
0.22432,0.22432
0.224315,0.224315
0.224311,0.224311
0.224307,0.219998
0.224307,0.224307
0.224297,0.221143
0.224297,0.224297
0.224295,0.224295
0.224295,0.224295
0.224291,0.224291
0.224279,0.224279
0.224275,0.224275
0.224269,0.224269
0.224266,0.224266
0.224264,0.224264
0.22426,0.22426
0.224252,0.224252
0.224251,0.224251
0.224246,0.224246
0.224245,0.224245
0.224243,0.224243
0.224237,0.224237
0.224236,0.224236
0.22423,0.22423
0.224224,0.218412
0.224224,0.224224
0.224219,0.224219
0.224218,0.224218
0.224217,0.224217
0.224215,0.224215
0.22421,0.22421
0.224209,0.224209
0.224202,0.222094
0.224202,0.224202
0.224202,0.224202
0.224199,0.224199
0.224198,0.224198
0.224194,0.224194
0.224193,0.224193
0.224191,0.224191
0.224188,0.224188
0.224175,0.224175
0.224175,0.224175
0.224155,0.224155
0.224155,0.224155
0.224155,0.224155
0.224149,0.224149
0.224149,0.224149
0.224139,0.224139
0.224134,0.224134
0.224124,0.224124
0.224115,0.224115
0.224095,0.224095
0.224086,0.224086
0.224085,0.224085
0.224081,0.224081
0.224075,0.224075
0.224075,0.224075
0.224067,0.224067
0.224067,0.224067
0.224067,0.224067
0.224066,0.224066
0.224065,0.224065
0.224064,0.224064
0.224055,0.224055
0.224055,0.224055
0.224052,0.224052
0.224047,0.219324
0.224047,0.224047
0.224046,0.224046
0.224042,0.224042
0.224037,0.224037
0.224035,0.224035
0.224028,0.224028
0.224027,0.224027
0.224024,0.224024
0.224024,0.224024
0.224021,0.224021
0.22402,0.22402
0.224019,0.224019
0.224018,0.224018
0.224011,0.224011
0.224008,0.224008
0.224006,0.224006
0.223995,0.223995
0.223989,0.223989
0.223984,0.223984
0.223982,0.223982
0.223977,0.223977
0.223969,0.223969
0.223969,0.223969
0.223952,0.223952
0.22394,0.22394
0.22394,0.22394
0.223939,0.223939
0.223927,0.219394
0.223927,0.223927
0.223918,0.223918
0.223918,0.223918
0.223918,0.223918
0.223917,0.223917
0.223911,0.223911
0.223903,0.223903
0.223899,0.223899
0.223899,0.223899
0.223895,0.223895
0.223892,0.223892
0.223887,0.223887
0.223887,0.223887
0.223875,0.223875
0.223872,0.223872
0.223865,0.223865
0.223862,0.223862
0.223855,0.223855
0.223852,0.223852
0.223848,0.223848
0.223845,0.223845
0.223843,0.223843
0.223843,0.223843
0.22384,0.22384
0.223837,0.223837
0.223836,0.223836
0.223832,0.223832
0.223825,0.223825
0.223813,0.223813
0.223802,0.223802
0.223798,0.223798
0.22378,0.22378
0.223766,0.223766
0.223765,0.223765
0.223765,0.223765
0.223755,0.223755
0.223753,0.223753
0.223753,0.223753
0.223752,0.223752
0.223747,0.223747
0.223746,0.223746
0.223746,0.223746
0.223744,0.223744
0.223741,0.223741
0.223739,0.223739
0.223738,0.223738
0.223733,0.223733
0.223706,0.223706
0.223704,0.223704
0.223703,0.223703
0.2237,0.2237
0.223699,0.223699
0.223694,0.223694
0.223693,0.223693
0.22369,0.22369
0.223682,0.223682
0.223672,0.223672
0.223668,0.223668
0.22366,0.22366
0.22366,0.22366
0.223659,0.223659
0.223655,0.223655
0.223638,0.223638
0.223637,0.223637
0.223634,0.223634
0.223632,0.223632
0.223628,0.223628
0.223628,0.223628
0.223622,0.223622
0.223622,0.223622
0.223617,0.223617
0.223615,0.223615
0.223612,0.223612
0.223605,0.223605
0.223603,0.223603
0.223602,0.223602
0.223598,0.223598
0.223594,0.223594
0.223593,0.223593
0.223588,0.218437
0.223588,0.223588
0.223585,0.223585
0.223585,0.223585
0.223575,0.22055
0.223575,0.223575
0.223566,0.223566
0.223563,0.223563
0.223555,0.223555
0.223553,0.223553
0.22355,0.22355
0.223534,0.223534
0.22352,0.22352
0.223517,0.223517
0.223515,0.223515
0.223515,0.223515
0.223515,0.223515
0.223513,0.223513
0.223509,0.223509
0.223506,0.223506
0.223503,0.223503
0.223498,0.223498
0.223484,0.223484
0.223484,0.223484
0.223482,0.223482
0.22348,0.22348
0.22348,0.22348
0.22348,0.22348
0.223474,0.223474
0.22347,0.22347
0.22347,0.21857
0.22347,0.22347
0.223463,0.218845
0.223463,0.223463
0.223463,0.223463
0.223457,0.223457
0.223454,0.223454
0.223447,0.223447
0.223443,0.223443
0.223437,0.223437
0.223435,0.223435
0.223432,0.223432
0.22343,0.22343
0.223424,0.223424
0.223421,0.223421
0.223419,0.223419
0.223419,0.223419
0.223415,0.223415
0.223413,0.223413
0.223407,0.223407
0.223405,0.223405
0.223404,0.223404
0.223403,0.223403
0.223397,0.223397
0.223391,0.223391
0.223387,0.223387
0.223387,0.223387
0.223386,0.223386
0.223385,0.223385
0.223377,0.223377
0.223375,0.223375
0.223375,0.223375
0.223372,0.223372
0.223366,0.223366
0.223365,0.223365
0.223362,0.223362
0.22336,0.22336
0.223355,0.223355
0.223354,0.223354
0.223353,0.223353
0.223349,0.223349
0.223344,0.223344
0.223338,0.223338
0.223335,0.223335
0.223333,0.223333
0.223331,0.223331
0.223328,0.223328
0.223326,0.223326
0.223323,0.223323
0.22332,0.22332
0.223312,0.223312
0.223305,0.223305
0.223298,0.223298
0.223292,0.223292
0.223271,0.223271
0.223263,0.223263
0.223248,0.223248
0.223248,0.223248
0.223247,0.223247
0.223246,0.223246
0.223231,0.223231
0.223219,0.223219
0.223215,0.223215
0.223205,0.223205
0.223197,0.223197
0.223197,0.223197
0.223181,0.223181
0.223177,0.223177
0.223173,0.223173
0.223168,0.223168
0.223167,0.223167
0.223166,0.223166
0.223152,0.223152
0.223143,0.223143
0.223143,0.223143
0.223141,0.223141
0.223141,0.223141
0.223136,0.223136
0.223135,0.223135
0.223129,0.223129
0.223129,0.223129
0.223127,0.223127
0.223126,0.223126
0.223126,0.223126
0.223119,0.223119
0.223119,0.223119
0.223105,0.223105
0.223099,0.223099
0.223099,0.223099
0.223092,0.223092
0.223092,0.223092
0.223087,0.223087
0.223083,0.223083
0.223083,0.223083
0.22308,0.22308
0.223062,0.223062
0.223059,0.223059
0.223048,0.223048
0.223047,0.223047
0.223042,0.223042
0.223034,0.223034
0.223033,0.223033
0.223024,0.223024
0.223016,0.223016
0.223001,0.223001
0.222996,0.222996
0.222995,0.222995
0.222992,0.222992
0.222982,0.222982
0.222979,0.222979
0.222978,0.222978
0.222967,0.222967
0.222967,0.222967
0.222967,0.222967
0.222964,0.222964
0.222957,0.222957
0.222956,0.222956
0.222944,0.222944
0.22294,0.22294
0.222936,0.222936
0.222926,0.222926
0.222923,0.217318
0.222923,0.222923
0.222922,0.221349
0.222922,0.222922
0.222922,0.222922
0.222917,0.222917
0.222915,0.222915
0.222908,0.222908
0.222907,0.222907
0.222905,0.222905
0.222898,0.222898
0.222892,0.222892
0.222889,0.222889
0.222889,0.222889
0.222887,0.222887
0.222883,0.222883
0.222881,0.222881
0.22288,0.22288
0.222878,0.222878
0.222876,0.222876
0.222869,0.222869
0.22285,0.22285
0.222839,0.222839
0.222834,0.222834
0.222833,0.222833
0.222827,0.222827
0.222819,0.222819
0.222815,0.222815
0.222813,0.222813
0.222812,0.222812
0.222807,0.222807
0.222786,0.222786
0.222785,0.222785
0.222784,0.222784
0.222773,0.222773
0.222772,0.222772
0.222772,0.222772
0.222758,0.222758
0.222758,0.222758
0.222757,0.222757
0.222751,0.222751
0.222735,0.222735
0.222729,0.222729
0.222726,0.222726
0.222725,0.222725
0.22272,0.22272
0.222718,0.222718
0.222718,0.222718
0.222714,0.222714
0.222713,0.222713
0.222702,0.222702
0.222697,0.222697
0.222692,0.221298
0.222692,0.222692
0.222689,0.222689
0.222677,0.222677
0.222674,0.222674
0.222673,0.222673
0.222667,0.222667
0.22266,0.22266
0.22266,0.22266
0.222658,0.222658
0.222648,0.222648
0.222647,0.222647
0.222646,0.222646
0.222644,0.222644
0.222635,0.222635
0.222634,0.222634
0.222631,0.222631
0.222629,0.222629
0.222628,0.222628
0.222614,0.222614
0.222599,0.222599
0.222598,0.222598
0.222593,0.222593
0.222586,0.222586
0.222579,0.222579
0.22257,0.22257
0.222566,0.222566
0.222565,0.222565
0.222564,0.222564
0.222561,0.222561
0.222561,0.222561
0.222557,0.222557
0.222556,0.222556
0.222555,0.222555
0.222547,0.222547
0.222545,0.222545
0.222542,0.222542
0.22254,0.22254
0.222536,0.222536
0.222535,0.222535
0.222526,0.222526
0.222521,0.222521
0.222509,0.222509
0.222507,0.222507
0.222505,0.222505
0.222503,0.222503
0.222498,0.222498
0.222493,0.222493
0.222488,0.222488
0.222482,0.222482
0.222481,0.222481
0.222476,0.222476
0.222475,0.222475
0.222475,0.222475
0.222473,0.222473
0.222471,0.222471
0.222465,0.222465
0.22246,0.22246
0.22246,0.22246
0.222457,0.222457
0.222454,0.222454
0.222453,0.222453
0.22244,0.22244
0.222432,0.222432
0.22243,0.22243
0.222429,0.222429
0.222419,0.222419
0.222413,0.222413
0.222412,0.222412
0.22241,0.22241
0.222407,0.222407
0.222402,0.222402
0.2224,0.2224
0.222398,0.222398
0.222397,0.21932
0.222397,0.222397
0.222391,0.222391
0.222383,0.222383
0.222383,0.222383
0.222376,0.222376
0.222375,0.222375
0.222374,0.222374
0.222373,0.222373
0.22237,0.22237
0.222367,0.222367
0.222364,0.222364
0.222362,0.222362
0.22236,0.22236
0.222351,0.222351
0.22234,0.22234
0.222338,0.222338
0.222336,0.222336
0.222334,0.222334
0.222329,0.222329
0.222328,0.222328
0.222321,0.222321
0.222316,0.222316
0.222313,0.222313
0.222309,0.222309
0.222307,0.222307
0.222306,0.222306
0.222289,0.222289
0.222288,0.222288
0.222286,0.222286
0.222286,0.222286
0.22228,0.22228
0.22227,0.22227
0.222268,0.222268
0.222265,0.222265
0.222263,0.222263
0.222262,0.222262
0.222252,0.222252
0.222239,0.222239
0.222237,0.222237
0.222236,0.222236
0.22223,0.22223
0.222214,0.222214
0.222214,0.222214
0.222212,0.222212
0.222212,0.222212
0.222209,0.222209
0.222208,0.222208
0.222205,0.222205
0.222203,0.222203
0.222203,0.222203
0.222197,0.222197
0.222197,0.222197
0.222194,0.222194
0.222194,0.222194
0.222183,0.222183
0.222182,0.222182
0.222178,0.222178
0.222173,0.222173
0.222171,0.222171
0.222158,0.222158
0.222147,0.222147
0.222132,0.222132
0.222129,0.222129
0.222129,0.222129
0.222127,0.222127
0.222125,0.215335
0.222125,0.222125
0.222123,0.222123
0.222121,0.222121
0.222119,0.222119
0.222119,0.222119
0.222113,0.222113
0.222113,0.222113
0.222105,0.222105
0.222097,0.222097
0.222096,0.222096
0.222095,0.222095
0.222086,0.222086
0.222082,0.222082
0.222078,0.222044
0.222078,0.222078
0.222072,0.222072
0.222072,0.222072
0.22207,0.22207
0.222062,0.222062
0.22206,0.219088
0.22206,0.22206
0.222059,0.222059
0.222048,0.222048
0.222047,0.222047
0.222046,0.222046
0.222043,0.220263
0.222043,0.222043
0.22204,0.22204
0.222033,0.222033
0.22203,0.22203
0.222014,0.222014
0.222012,0.222012
0.22201,0.22201
0.22201,0.22201
0.221995,0.221995
0.221984,0.221984
0.221983,0.221983
0.221981,0.221981
0.221981,0.221981
0.221976,0.221976
0.221974,0.221974
0.221971,0.221971
0.221971,0.221971
0.221968,0.221968
0.221961,0.221961
0.221956,0.221956
0.221952,0.221952
0.221949,0.221949
0.221944,0.221944
0.221943,0.221943
0.221941,0.220886
0.221941,0.221941
0.22194,0.22194
0.221933,0.221933
0.221925,0.221925
0.221924,0.221924
0.22192,0.22192
0.221919,0.221919
0.22189,0.22189
0.221889,0.221889
0.221887,0.221887
0.221883,0.221883
0.22188,0.22188
0.221872,0.221872
0.221869,0.221869
0.221868,0.221868
0.221859,0.221859
0.221859,0.221859
0.221855,0.221855
0.221847,0.221847
0.221846,0.221846
0.221844,0.221844
0.221842,0.221842
0.221841,0.221841
0.221837,0.218711
0.221837,0.221837
0.22183,0.22183
0.221828,0.221828
0.221826,0.221826
0.221825,0.221825
0.221821,0.221821
0.221817,0.221817
0.221805,0.221805
0.2218,0.221694
0.2218,0.2218
0.221799,0.221799
0.221797,0.221797
0.221797,0.221797
0.221796,0.221796
0.221793,0.221793
0.22179,0.22179
0.221788,0.221788
0.221779,0.221779
0.221779,0.221779
0.221778,0.221778
0.221771,0.221771
0.22177,0.22177
0.221768,0.221768
0.221764,0.221764
0.221761,0.221761
0.221757,0.221757
0.221757,0.221757
0.221753,0.221753
0.221749,0.221749
0.221746,0.221746
0.221732,0.221732
0.221727,0.221727
0.221722,0.221722
0.22172,0.22172
0.22172,0.22104
0.22172,0.22172
0.221713,0.221713
0.221706,0.221706
0.221704,0.221704
0.221704,0.221704
0.221704,0.221704
0.221698,0.221698
0.221697,0.221697
0.221694,0.221694
0.221691,0.221691
0.22169,0.22169
0.221685,0.221685
0.221666,0.221006
0.221666,0.221666
0.221665,0.221665
0.221664,0.221664
0.221662,0.221662
0.221659,0.221659
0.221647,0.221647
0.221646,0.221646
0.221643,0.221643
0.221636,0.221636
0.221636,0.218498
0.221636,0.221636
0.221635,0.221635
0.221635,0.221635
0.221633,0.221633
0.221628,0.221628
0.221617,0.221617
0.221617,0.221617
0.221614,0.221614
0.221614,0.221614
0.221613,0.221613
0.221613,0.221613
0.221612,0.221612
0.221609,0.221609
0.221601,0.221601
0.221601,0.221601
0.221598,0.221598
0.221598,0.221598
0.221598,0.221598
0.221597,0.221597
0.221596,0.221596
0.221591,0.221591
0.22159,0.22159
0.221587,0.221587
0.221577,0.221577
0.221576,0.221576
0.221573,0.221573
0.221571,0.221571
0.221567,0.221567
0.221565,0.221565
0.221561,0.221561
0.221561,0.221561
0.221555,0.221555
0.221554,0.217433
0.221554,0.221554
0.221548,0.220932
0.221548,0.221548
0.221541,0.221541
0.221541,0.221541
0.22154,0.22154
0.221538,0.221538
0.221535,0.221535
0.221533,0.221533
0.221533,0.221533
0.221531,0.221531
0.221527,0.219963
0.221527,0.221527
0.221526,0.221526
0.221519,0.221519
0.22151,0.22151
0.221509,0.221509
0.221477,0.221477
0.221473,0.221473
0.221472,0.221472
0.221472,0.221472
0.221471,0.221471
0.221464,0.221464
0.221463,0.221463
0.221461,0.221461
0.221458,0.221458
0.221456,0.221456
0.221453,0.221453
0.221451,0.221451
0.221449,0.221449
0.221447,0.221447
0.221445,0.221445
0.22144,0.22144
0.221439,0.221439
0.22143,0.22143
0.22143,0.22143
0.221426,0.221426
0.221419,0.221419
0.221417,0.221417
0.221415,0.221415
0.22141,0.22141
0.221407,0.221407
0.221406,0.221406
0.221406,0.221406
0.221401,0.221401
0.221398,0.221398
0.221397,0.221397
0.221397,0.221397
0.221387,0.221387
0.221385,0.221385
0.221385,0.221385
0.221384,0.221384
0.221379,0.221379
0.221376,0.221376
0.221373,0.221373
0.221367,0.221367
0.221365,0.221365
0.221363,0.221363
0.22136,0.22136
0.221353,0.221353
0.221352,0.221352
0.22135,0.22135
0.221345,0.221345
0.221344,0.221344
0.221343,0.221343
0.221343,0.221343
0.221343,0.221343
0.22134,0.22134
0.221337,0.221337
0.221335,0.221335
0.221333,0.221333
0.221333,0.221333
0.221332,0.221332
0.221327,0.221327
0.221317,0.221317
0.221317,0.221317
0.221316,0.221316
0.221311,0.221311
0.221307,0.221307
0.221306,0.221306
0.221303,0.221303
0.221302,0.221302
0.221296,0.221296
0.221296,0.221296
0.221283,0.221283
0.221269,0.221269
0.221268,0.221268
0.221267,0.221267
0.221267,0.221267
0.221258,0.221258
0.221242,0.221242
0.22124,0.22124
0.221237,0.221237
0.221231,0.221231
0.22123,0.22123
0.221222,0.221222
0.221217,0.221217
0.221217,0.221217
0.221213,0.221213
0.221208,0.221208
0.221208,0.221208
0.221207,0.221207
0.221205,0.221205
0.221198,0.221198
0.22119,0.22119
0.221189,0.221189
0.221187,0.221187
0.221186,0.221186
0.221182,0.221182
0.221174,0.221174
0.22117,0.22117
0.221161,0.221161
0.221158,0.221158
0.221155,0.221155
0.221154,0.221154
0.221152,0.221152
0.221145,0.221145
0.221144,0.221144
0.221142,0.221142
0.221141,0.221141
0.22114,0.22114
0.221139,0.221139
0.221138,0.221138
0.221132,0.221132
0.221131,0.221131
0.221126,0.216925
0.221126,0.221126
0.221121,0.221121
0.22112,0.22112
0.221118,0.221118
0.221114,0.221114
0.221113,0.221113
0.221111,0.221111
0.221101,0.221101
0.221098,0.221098
0.221097,0.221097
0.221097,0.221097
0.221093,0.221093
0.221092,0.221092
0.221084,0.221084
0.221084,0.221084
0.221082,0.221082
0.221082,0.221082
0.221078,0.221078
0.221078,0.221078
0.221076,0.221076
0.221074,0.221074
0.221066,0.221066
0.221064,0.221064
0.221063,0.221063
0.221062,0.221062
0.221053,0.221053
0.221044,0.221044
0.221041,0.221041
0.221039,0.221039
0.221033,0.221033
0.221032,0.221032
0.22103,0.22103
0.221028,0.221028
0.221027,0.221027
0.221024,0.221024
0.221023,0.221023
0.221019,0.221019
0.221018,0.221018
0.221017,0.221017
0.221016,0.221016
0.221014,0.221014
0.221014,0.221014
0.221013,0.221013
0.221013,0.221013
0.221011,0.221011
0.221011,0.221011
0.22101,0.22101
0.221006,0.221006
0.221003,0.221003
0.221,0.221
0.220996,0.220996
0.220988,0.220988
0.220987,0.220987
0.220984,0.220984
0.220984,0.220984
0.220983,0.220983
0.220977,0.220977
0.22097,0.22097
0.220967,0.220967
0.220967,0.220967
0.220966,0.220966
0.220961,0.220961
0.22096,0.22096
0.220959,0.220959
0.220958,0.220958
0.220957,0.220957
0.220953,0.220953
0.220952,0.220952
0.220951,0.220951
0.22095,0.22095
0.220949,0.220949
0.220947,0.220947
0.220946,0.220946
0.220945,0.220945
0.220944,0.220944
0.220941,0.220941
0.220934,0.220934
0.220934,0.220388
0.220934,0.220934
0.220934,0.220934
0.220931,0.220931
0.220927,0.220927
0.220923,0.220923
0.220922,0.220922
0.220919,0.220919
0.220912,0.220912
0.220909,0.220909
0.220901,0.220901
0.220898,0.220898
0.220898,0.220898
0.220898,0.220898
0.220898,0.220898
0.220895,0.220895
0.220885,0.220885
0.220884,0.220884
0.220882,0.220882
0.22088,0.22088
0.220879,0.220879
0.220879,0.220879
0.220875,0.220875
0.220869,0.220869
0.220868,0.220868
0.220864,0.220864
0.220863,0.220863
0.220862,0.220862
0.220861,0.220861
0.22086,0.22086
0.220848,0.220848
0.220836,0.220836
0.220833,0.220833
0.220828,0.220828
0.220828,0.220828
0.220825,0.220825
0.220823,0.220823
0.220822,0.220822
0.220819,0.220819
0.220818,0.220818
0.220817,0.220817
0.220811,0.220811
0.22081,0.22081
0.220808,0.220808
0.220801,0.220801
0.220791,0.220791
0.220789,0.220789
0.220789,0.220789
0.220786,0.220786
0.220781,0.220781
0.220781,0.220781
0.220776,0.220776
0.220774,0.220774
0.220768,0.220768
0.220764,0.220764
0.220764,0.220764
0.220751,0.220751
0.22075,0.22075
0.22075,0.22075
0.220743,0.220743
0.220738,0.220738
0.220733,0.220733
0.220726,0.220726
0.220726,0.220726
0.220724,0.220724
0.220723,0.220723
0.220722,0.220722
0.220717,0.220717
0.220713,0.220713
0.220713,0.220713
0.220706,0.216279
0.220706,0.220706
0.220706,0.220706
0.22069,0.22069
0.220684,0.220684
0.220682,0.220682
0.220681,0.220681
0.220678,0.220678
0.220674,0.220674
0.220672,0.220672
0.22067,0.22067
0.22067,0.22067
0.220667,0.220667
0.220661,0.220661
0.22066,0.22066
0.22066,0.22066
0.220653,0.220653
0.220652,0.220652
0.22065,0.22065
0.220643,0.220643
0.220642,0.220642
0.220641,0.220641
0.22064,0.22064
0.220639,0.220639
0.220636,0.220636
0.220635,0.220635
0.220629,0.220629
0.220627,0.220627
0.220619,0.220619
0.220617,0.220617
0.220615,0.220615
0.220613,0.220613
0.220599,0.220599
0.220596,0.220596
0.220594,0.220594
0.220594,0.220594
0.220591,0.220591
0.220581,0.220581
0.22058,0.22058
0.220574,0.220574
0.220574,0.220574
0.220574,0.220574
0.220572,0.220572
0.220569,0.220569
0.220564,0.220564
0.22056,0.22056
0.220559,0.220559
0.220558,0.220558
0.220552,0.220552
0.220546,0.220546
0.220544,0.220544
0.220538,0.220538
0.220535,0.220535
0.220532,0.218739
0.220532,0.220532
0.220531,0.220531
0.220525,0.220525
0.220522,0.220522
0.220522,0.220522
0.220513,0.220513
0.220511,0.220511
0.220509,0.220509
0.220507,0.220507
0.2205,0.2205
0.220496,0.220496
0.220495,0.220495
0.220494,0.220494
0.220491,0.220491
0.22049,0.22049
0.220487,0.220487
0.220486,0.220486
0.220485,0.220485
0.220481,0.220481
0.220481,0.220481
0.220465,0.220465
0.220461,0.220461
0.220461,0.220461
0.22046,0.22046
0.220459,0.220459
0.220456,0.220456
0.220456,0.220456
0.220455,0.220455
0.220453,0.220453
0.220447,0.220447
0.220444,0.220444
0.220441,0.220441
0.220441,0.216495
0.220441,0.220441
0.220434,0.220434
0.220427,0.220427
0.220425,0.220425
0.220425,0.220425
0.220419,0.220419
0.220416,0.220416
0.220414,0.220414
0.220412,0.220412
0.220411,0.220411
0.220405,0.220405
0.220402,0.220402
0.2204,0.2204
0.220395,0.220395
0.220391,0.220391
0.220388,0.220388
0.220387,0.218095
0.220387,0.220387
0.220384,0.220384
0.220382,0.220382
0.220377,0.220377
0.220377,0.220377
0.220372,0.220372
0.220371,0.220371
0.220371,0.220371
0.22037,0.22037
0.220369,0.220369
0.220368,0.220368
0.220362,0.219887
0.220362,0.220362
0.220362,0.220362
0.220357,0.220357
0.22035,0.22035
0.220347,0.220347
0.220346,0.209316
0.220346,0.220346
0.220341,0.220341
0.220338,0.220338
0.220331,0.220331
0.22033,0.22033
0.220325,0.220325
0.220324,0.220324
0.220321,0.220321
0.220316,0.220316
0.220314,0.220314
0.220314,0.220314
0.220311,0.220311
0.220311,0.220311
0.220309,0.220309
0.220303,0.220303
0.220303,0.220303
0.220298,0.220298
0.220279,0.220279
0.220273,0.220273
0.220273,0.220273
0.220268,0.220268
0.220266,0.220266
0.220266,0.220266
0.220258,0.220258
0.220258,0.220258
0.220255,0.220255
0.220251,0.220251
0.220244,0.220244
0.220241,0.220241
0.220235,0.220235
0.220235,0.220235
0.220229,0.220229
0.220229,0.220229
0.220226,0.220226
0.220221,0.220221
0.220218,0.220218
0.220213,0.220213
0.22021,0.22021
0.220209,0.220209
0.220204,0.220204
0.220203,0.220203
0.220193,0.220193
0.22019,0.22019
0.220189,0.220189
0.220187,0.220187
0.220177,0.220177
0.220175,0.220175
0.220175,0.220175
0.220165,0.220165
0.220163,0.220163
0.220162,0.220162
0.22016,0.22016
0.220158,0.220158
0.220157,0.220157
0.220156,0.220156
0.220154,0.220154
0.220154,0.220154
0.220149,0.220149
0.220144,0.220144
0.220143,0.220143
0.220142,0.220142
0.22014,0.22014
0.22013,0.22013
0.220128,0.220128
0.22012,0.22012
0.220113,0.220113
0.220111,0.220111
0.22011,0.22011
0.220108,0.220108
0.220103,0.220103
0.220102,0.220102
0.2201,0.2201
0.220099,0.220099
0.220098,0.220098
0.220098,0.220098
0.220096,0.220096
0.220094,0.220094
0.220093,0.220093
0.220092,0.220092
0.220091,0.220091
0.220077,0.220077
0.220077,0.220077
0.220072,0.220072
0.220071,0.220071
0.220068,0.220068
0.220063,0.220063
0.220054,0.220054
0.220053,0.220053
0.220049,0.220049
0.220047,0.220047
0.220046,0.220046
0.220046,0.220046
0.220042,0.220042
0.220038,0.220038
0.220037,0.220037
0.220026,0.220026
0.220026,0.220026
0.220021,0.220021
0.22002,0.22002
0.220019,0.220019
0.220015,0.220015
0.220012,0.220012
0.220011,0.220011
0.220009,0.220009
0.220006,0.220006
0.220002,0.220002
0.219998,0.219998
0.219997,0.212998
0.219997,0.219997
0.219996,0.219996
0.219994,0.219994
0.219993,0.219993
0.219992,0.219992
0.219988,0.219988
0.219987,0.219987
0.219982,0.219982
0.219981,0.219981
0.219979,0.219979
0.219978,0.219978
0.219977,0.219977
0.219976,0.219976
0.219972,0.219972
0.219971,0.219971
0.219969,0.219969
0.219966,0.219966
0.219959,0.219959
0.219959,0.219959
0.219957,0.217718
0.219957,0.219957
0.219955,0.219955
0.219952,0.219952
0.219945,0.219945
0.219942,0.219942
0.219942,0.219942
0.219936,0.219936
0.219935,0.219935
0.219929,0.219929
0.219929,0.219929
0.219927,0.219927
0.219926,0.219926
0.219922,0.219922
0.219921,0.219921
0.219916,0.219916
0.219915,0.219915
0.219915,0.219915
0.219908,0.219908
0.219905,0.219905
0.219902,0.219902
0.219901,0.219901
0.2199,0.2199
0.219896,0.219896
0.219893,0.219893
0.219891,0.219891
0.21989,0.21989
0.219886,0.219886
0.219882,0.219882
0.219881,0.219881
0.219877,0.219877
0.219875,0.219875
0.21987,0.21987
0.21987,0.21987
0.219867,0.219867
0.219866,0.219866
0.219862,0.219862
0.21986,0.21986
0.219855,0.219855
0.219854,0.219854
0.219853,0.219853
0.219851,0.219851
0.219847,0.219847
0.219841,0.219841
0.219841,0.219841
0.21984,0.21984
0.219836,0.219836
0.21983,0.21983
0.219827,0.219827
0.219825,0.219825
0.219824,0.219824
0.219821,0.215979
0.219821,0.219821
0.219815,0.219815
0.219807,0.219807
0.219805,0.219805
0.219802,0.219802
0.219801,0.219801
0.219799,0.219799
0.219798,0.219798
0.219797,0.219797
0.219795,0.219795
0.219793,0.219793
0.219792,0.219792
0.219787,0.219787
0.219786,0.219786
0.21978,0.21978
0.21978,0.21978
0.219779,0.219779
0.219779,0.219779
0.219777,0.219777
0.219772,0.219772
0.219772,0.219772
0.21977,0.21977
0.21977,0.21977
0.219767,0.219767
0.219761,0.219761
0.21976,0.21976
0.219757,0.219757
0.219754,0.219754
0.219749,0.219749
0.219747,0.219747
0.219743,0.219743
0.219741,0.219741
0.219735,0.219735
0.219734,0.219734
0.21973,0.21973
0.219729,0.219729
0.219727,0.219727
0.219727,0.219727
0.219726,0.219726
0.219724,0.219724
0.21972,0.21972
0.219713,0.219713
0.219711,0.219711
0.21971,0.21971
0.219706,0.219706
0.219704,0.219704
0.219701,0.219701
0.219701,0.219701
0.219698,0.219698
0.219697,0.219697
0.219689,0.219689
0.219687,0.219687
0.219685,0.219685
0.219682,0.219682
0.219674,0.219674
0.219665,0.219665
0.219665,0.219665
0.219663,0.219663
0.219661,0.219661
0.219656,0.219656
0.219648,0.219648
0.219648,0.219648
0.219644,0.219644
0.219644,0.219644
0.219643,0.219643
0.219642,0.219642
0.219642,0.219642
0.219639,0.218475
0.219639,0.219639
0.219635,0.219635
0.219632,0.219632
0.21963,0.21963
0.219625,0.219625
0.219625,0.219625
0.219623,0.219623
0.219622,0.219622
0.21962,0.21962
0.219617,0.219617
0.219616,0.219616
0.219614,0.219614
0.219613,0.219613
0.219613,0.219613
0.219603,0.219603
0.219602,0.219602
0.219597,0.219597
0.219597,0.219597
0.219597,0.219597
0.219597,0.219597
0.219596,0.219596
0.219596,0.219596
0.219591,0.219591
0.219588,0.219588
0.219586,0.219586
0.219581,0.219581
0.219578,0.219578
0.219578,0.219578
0.219574,0.219574
0.219574,0.219574
0.219573,0.219573
0.219571,0.219571
0.219568,0.219568
0.219565,0.219565
0.219563,0.219563
0.219563,0.219563
0.219554,0.219554
0.219554,0.219554
0.219552,0.219552
0.219546,0.219546
0.219541,0.219541
0.219538,0.219538
0.219537,0.219537
0.219535,0.219535
0.219531,0.219531
0.219523,0.219523
0.219518,0.219518
0.219518,0.219518
0.219516,0.219516
0.219507,0.219507
0.219504,0.219504
0.219504,0.219504
0.219503,0.219503
0.219502,0.219502
0.219502,0.219502
0.219499,0.219499
0.219497,0.219497
0.219497,0.219497
0.219493,0.219493
0.21949,0.21949
0.219488,0.219488
0.219487,0.219487
0.219483,0.219483
0.219482,0.219482
0.21948,0.21948
0.219479,0.219479
0.219472,0.219472
0.219467,0.219467
0.219461,0.219461
0.219459,0.219459
0.219457,0.219457
0.219455,0.219455
0.219453,0.219453
0.219452,0.219452
0.219449,0.219449
0.219449,0.219449
0.219443,0.219443
0.219441,0.219441
0.219441,0.219441
0.219438,0.219438
0.219433,0.219433
0.219428,0.219428
0.219426,0.219426
0.219426,0.219426
0.219425,0.219425
0.219421,0.219421
0.219406,0.219406
0.219405,0.219405
0.2194,0.2194
0.219399,0.219399
0.219398,0.219398
0.219397,0.219397
0.219396,0.219396
0.219396,0.219396
0.219392,0.219392
0.219388,0.219388
0.219385,0.219385
0.219382,0.219382
0.219381,0.219381
0.219376,0.217289
0.219376,0.219376
0.219366,0.219366
0.219364,0.219364
0.219362,0.219362
0.219358,0.219358
0.219356,0.219356
0.219355,0.219355
0.219352,0.219352
0.219351,0.219351
0.219347,0.219347
0.219345,0.219345
0.219344,0.219344
0.219339,0.219339
0.219334,0.219334
0.21933,0.21933
0.219327,0.219327
0.219326,0.219326
0.219324,0.219324
0.219322,0.219322
0.21932,0.21932
0.219312,0.219312
0.21931,0.21931
0.219308,0.219308
0.219307,0.219307
0.219307,0.219307
0.219305,0.219305
0.219304,0.219304
0.219302,0.219302
0.219296,0.219296
0.219286,0.219286
0.219285,0.219285
0.219278,0.219278
0.219275,0.219275
0.219275,0.219275
0.219273,0.219273
0.219272,0.219272
0.219271,0.219271
0.219266,0.219266
0.219266,0.219266
0.219264,0.219264
0.219258,0.219258
0.219253,0.219253
0.219252,0.219252
0.219251,0.219251
0.219249,0.219249
0.219247,0.219247
0.219238,0.219238
0.219236,0.219236
0.219236,0.219236
0.219236,0.219236
0.219233,0.219233
0.219231,0.219231
0.21923,0.21923
0.219228,0.219228
0.219225,0.219225
0.219219,0.219219
0.219214,0.219214
0.219213,0.219213
0.219207,0.219207
0.219206,0.219206
0.219205,0.219205
0.219201,0.219201
0.219197,0.219197
0.21919,0.21919
0.219186,0.219186
0.219185,0.219185
0.219181,0.219181
0.219181,0.219181
0.219179,0.219179
0.219177,0.219177
0.219174,0.219174
0.219173,0.219173
0.219171,0.219171
0.219169,0.219169
0.219169,0.219169
0.219166,0.219166
0.219165,0.219165
0.219165,0.219165
0.219163,0.219163
0.219163,0.219163
0.219158,0.219158
0.219157,0.219157
0.21915,0.21915
0.219147,0.219147
0.219142,0.219142
0.219141,0.219141
0.219141,0.219141
0.21914,0.21914
0.219137,0.219137
0.219134,0.219134
0.219133,0.219133
0.219132,0.219132
0.219128,0.219128
0.219126,0.219126
0.219124,0.219124
0.219124,0.219124
0.219116,0.219116
0.219115,0.219115
0.219114,0.219114
0.219105,0.219105
0.219103,0.219103
0.219103,0.219103
0.219097,0.219097
0.219095,0.219095
0.219095,0.219095
0.219095,0.219095
0.219083,0.219083
0.21908,0.218508
0.21908,0.21908
0.219075,0.219075
0.219073,0.219073
0.219073,0.21565
0.219073,0.219073
0.219069,0.218848
0.219069,0.219069
0.219068,0.214831
0.219068,0.219068
0.219065,0.218457
0.219065,0.219065
0.219064,0.219064
0.219064,0.219064
0.219056,0.219056
0.219049,0.219049
0.219048,0.219048
0.219048,0.219048
0.219048,0.219048
0.219043,0.219043
0.219043,0.219043
0.219041,0.219041
0.21904,0.21904
0.21904,0.21904
0.219038,0.219038
0.219037,0.219037
0.219037,0.219037
0.219033,0.219033
0.219032,0.219032
0.21903,0.21903
0.219026,0.219026
0.219025,0.219025
0.219023,0.219023
0.219022,0.219022
0.219019,0.219019
0.219016,0.219016
0.219015,0.219015
0.219007,0.219007
0.219005,0.219005
0.219005,0.219005
0.219005,0.219005
0.219,0.219
0.218999,0.218999
0.218994,0.218994
0.218991,0.218991
0.218988,0.218988
0.218985,0.218985
0.218984,0.218984
0.218982,0.218982
0.218982,0.218982
0.218978,0.218978
0.218977,0.218977
0.218977,0.218977
0.218977,0.218977
0.218975,0.218975
0.218973,0.218973
0.218972,0.218972
0.218967,0.218967
0.218967,0.218967
0.218966,0.218966
0.218966,0.218966
0.218964,0.218964
0.218955,0.218955
0.218951,0.218951
0.218941,0.218941
0.218939,0.218939
0.218937,0.218937
0.218937,0.218937
0.218936,0.218936
0.218935,0.218935
0.218934,0.218934
0.218931,0.218931
0.218929,0.218929
0.218928,0.218928
0.218928,0.218928
0.218919,0.218919
0.218918,0.218918
0.218911,0.218911
0.218909,0.218909
0.218909,0.218909
0.218905,0.218905
0.218903,0.218903
0.218902,0.218902
0.2189,0.2189
0.2189,0.2189
0.218899,0.218899
0.21889,0.21889
0.218888,0.218888
0.218887,0.218887
0.218884,0.218884
0.218883,0.218883
0.218882,0.218882
0.218882,0.218882
0.218878,0.218878
0.218878,0.218878
0.218877,0.218877
0.218877,0.218877
0.218875,0.218875
0.218871,0.218871
0.218869,0.218869
0.218868,0.218868
0.218864,0.218864
0.218863,0.218863
0.21886,0.21886
0.21886,0.21886
0.21886,0.21886
0.218859,0.218859
0.218855,0.218855
0.218848,0.218848
0.218839,0.218839
0.218838,0.218838
0.218836,0.218836
0.218834,0.218834
0.218833,0.218833
0.218831,0.218831
0.218831,0.218831
0.21883,0.21883
0.21883,0.21883
0.21883,0.21883
0.218829,0.218829
0.218819,0.218819
0.218819,0.218819
0.218808,0.218808
0.218808,0.218808
0.218805,0.218805
0.218804,0.218804
0.218804,0.218804
0.218803,0.218803
0.218802,0.218802
0.218797,0.218797
0.218795,0.218795
0.21879,0.21879
0.218789,0.218789
0.218787,0.218787
0.218785,0.218785
0.218783,0.218783
0.218783,0.218783
0.21878,0.21878
0.218779,0.218779
0.218777,0.218777
0.218773,0.218773
0.218773,0.218773
0.21877,0.21877
0.21877,0.21877
0.218769,0.218769
0.218769,0.218769
0.218767,0.218767
0.218763,0.218763
0.218759,0.218759
0.218757,0.218757
0.218757,0.218757
0.218754,0.218754
0.218753,0.218753
0.218753,0.218753
0.21875,0.21875
0.218747,0.218747
0.218746,0.218746
0.218744,0.218744
0.218741,0.218741
0.21874,0.21874
0.218738,0.218738
0.218737,0.218737
0.218733,0.218733
0.218732,0.218732
0.218731,0.218731
0.21873,0.21873
0.218729,0.218729
0.218712,0.218712
0.218712,0.218712
0.218712,0.218712
0.218711,0.218711
0.218709,0.218709
0.218708,0.218708
0.218707,0.218707
0.218701,0.218701
0.2187,0.2187
0.2187,0.2187
0.218695,0.218695
0.218694,0.218694
0.218693,0.218693
0.218683,0.218683
0.218681,0.218681
0.218679,0.218679
0.218678,0.218678
0.218676,0.218676
0.218676,0.218676
0.218674,0.218674
0.218673,0.218673
0.218672,0.218672
0.218671,0.218671
0.218669,0.218669
0.218667,0.218667
0.218666,0.218666
0.218662,0.218662
0.218658,0.218658
0.218658,0.218658
0.218655,0.218655
0.218654,0.218654
0.218651,0.218651
0.218646,0.218646
0.218644,0.218644
0.218638,0.218638
0.218637,0.218637
0.218636,0.218636
0.218636,0.218636
0.218634,0.218634
0.218631,0.218631
0.218626,0.218626
0.218624,0.218624
0.218622,0.218622
0.218621,0.218621
0.218621,0.218621
0.21862,0.21862
0.21862,0.21862
0.218618,0.218618
0.218613,0.218613
0.218607,0.218607
0.218607,0.218607
0.218607,0.218607
0.218605,0.218605
0.218602,0.218602
0.218601,0.218601
0.218599,0.218599
0.218589,0.218589
0.218583,0.218583
0.21858,0.21858
0.218572,0.218572
0.218571,0.218571
0.218567,0.218567
0.218567,0.218567
0.218563,0.218563
0.218559,0.218559
0.218558,0.218558
0.218554,0.218554
0.21855,0.21855
0.218549,0.218549
0.218545,0.218545
0.218543,0.217893
0.218543,0.218543
0.218537,0.218537
0.218536,0.218536
0.218532,0.218532
0.21853,0.21853
0.21853,0.21853
0.218528,0.218528
0.218528,0.218528
0.218528,0.215496
0.218528,0.218528
0.218527,0.218527
0.218526,0.218526
0.218524,0.218524
0.21852,0.21852
0.218516,0.218516
0.218515,0.218515
0.218513,0.218513
0.218513,0.218513
0.218511,0.218511
0.21851,0.21851
0.218507,0.218507
0.218505,0.218505
0.218505,0.218505
0.218503,0.218503
0.218502,0.218502
0.218501,0.218501
0.218501,0.218501
0.218495,0.218495
0.218493,0.218493
0.21849,0.21849
0.21849,0.21849
0.218489,0.218489
0.218488,0.218488
0.218488,0.218488
0.218487,0.218487
0.218469,0.218469
0.218468,0.218468
0.218458,0.218458
0.218458,0.218458
0.218458,0.218458
0.218457,0.218457
0.218457,0.218457
0.218449,0.218449
0.218442,0.218442
0.218441,0.218441
0.21844,0.21844
0.218437,0.218437
0.218434,0.218434
0.218431,0.218431
0.218431,0.218431
0.21843,0.21843
0.218426,0.218426
0.218421,0.218421
0.21842,0.21842
0.218419,0.218419
0.218419,0.218419
0.218419,0.218419
0.218418,0.218418
0.218416,0.218416
0.218413,0.218413
0.218409,0.218409
0.218405,0.218405
0.218398,0.218398
0.218392,0.218392
0.218392,0.218392
0.218391,0.218391
0.218386,0.218386
0.218385,0.218385
0.218379,0.218379
0.218378,0.218378
0.218378,0.218378
0.218374,0.218374
0.218372,0.218372
0.218364,0.218364
0.218364,0.218364
0.218359,0.218359
0.218359,0.218359
0.218354,0.218354
0.218351,0.218351
0.218348,0.218348
0.218346,0.218346
0.218345,0.218345
0.218344,0.218344
0.218344,0.216528
0.218344,0.218344
0.218344,0.218344
0.218338,0.218338
0.218337,0.218337
0.218332,0.218332
0.218329,0.218329
0.218323,0.218323
0.218319,0.218319
0.218319,0.218319
0.218317,0.218317
0.218313,0.218313
0.218312,0.218312
0.218312,0.218312
0.218309,0.218309
0.218304,0.218304
0.218304,0.218304
0.218296,0.218296
0.218285,0.218285
0.218285,0.218285
0.218282,0.218282
0.21828,0.21828
0.21828,0.21828
0.218277,0.218277
0.218276,0.218276
0.218267,0.218267
0.218264,0.218264
0.218259,0.218259
0.218257,0.218257
0.218257,0.218257
0.218255,0.218255
0.218254,0.218254
0.218252,0.218252
0.218252,0.218252
0.218247,0.218247
0.218246,0.218246
0.218246,0.218246
0.218245,0.218245
0.218244,0.218244
0.21824,0.21824
0.218238,0.218238
0.218238,0.218238
0.218233,0.218233
0.21823,0.21823
0.218226,0.218226
0.218222,0.218222
0.218219,0.218219
0.218219,0.218219
0.218219,0.218219
0.218218,0.218218
0.218215,0.218215
0.218211,0.218211
0.218204,0.218204
0.218202,0.218202
0.218201,0.218201
0.218194,0.218194
0.218191,0.218191
0.218188,0.218188
0.218188,0.218188
0.218186,0.218186
0.218184,0.218184
0.218176,0.218176
0.218175,0.218175
0.218174,0.218174
0.218172,0.218172
0.21817,0.21817
0.218168,0.218168
0.218166,0.218166
0.218162,0.218162
0.218158,0.218158
0.218157,0.218157
0.218155,0.218155
0.218153,0.218153
0.218152,0.218152
0.218152,0.218152
0.218151,0.218151
0.21815,0.21815
0.21815,0.21815
0.218145,0.218145
0.218143,0.218143
0.218139,0.218139
0.218138,0.218138
0.218137,0.218137
0.218134,0.218134
0.218133,0.218133
0.218132,0.218132
0.218127,0.218127
0.218127,0.218127
0.218126,0.218126
0.218125,0.218125
0.218124,0.218124
0.218123,0.218123
0.218115,0.218115
0.218114,0.218114
0.218113,0.218113
0.218107,0.218107
0.218105,0.218105
0.218101,0.218101
0.2181,0.2181
0.218097,0.218097
0.218092,0.218092
0.218092,0.218092
0.218091,0.218091
0.218089,0.218089
0.218084,0.218084
0.218082,0.218082
0.218074,0.218074
0.21806,0.21806
0.218059,0.218059
0.218058,0.218058
0.218057,0.218057
0.218055,0.218055
0.218054,0.218054
0.218053,0.218053
0.218053,0.218053
0.218047,0.218047
0.218047,0.218047
0.21804,0.21804
0.218036,0.218036
0.218034,0.218034
0.218034,0.218034
0.218033,0.218033
0.218024,0.218024
0.218024,0.218024
0.218021,0.218021
0.218017,0.218017
0.218013,0.218013
0.218006,0.218006
0.217996,0.217996
0.217996,0.217996
0.217995,0.217995
0.217991,0.217991
0.217989,0.217989
0.217984,0.217984
0.217982,0.217982
0.217982,0.217982
0.217972,0.217972
0.217971,0.217971
0.217971,0.217971
0.217968,0.217968
0.217963,0.217963
0.217962,0.217962
0.217958,0.217958
0.217954,0.217954
0.217952,0.217952
0.217951,0.217951
0.217948,0.217948
0.217946,0.217946
0.217945,0.217945
0.217944,0.217944
0.217938,0.217938
0.217936,0.217936
0.217935,0.217935
0.217935,0.217935
0.217935,0.217935
0.217933,0.217933
0.217932,0.216483
0.217932,0.217932
0.217932,0.217932
0.217931,0.217931
0.217931,0.217931
0.21793,0.21793
0.217929,0.217929
0.217924,0.217924
0.217921,0.217921
0.217917,0.217917
0.217914,0.217914
0.217914,0.217914
0.217912,0.217912
0.21791,0.21791
0.21791,0.21791
0.217909,0.217909
0.217906,0.217906
0.217904,0.217904
0.217902,0.217902
0.217901,0.217901
0.217901,0.217901
0.217895,0.217895
0.217893,0.217893
0.217885,0.217885
0.217884,0.217884
0.217884,0.217884
0.217881,0.217881
0.217879,0.217879
0.217879,0.217879
0.217877,0.217877
0.217873,0.217873
0.217865,0.217865
0.217862,0.217862
0.217858,0.217858
0.217858,0.217858
0.217857,0.217857
0.217857,0.217857
0.217857,0.217857
0.217856,0.217856
0.217853,0.217853
0.217853,0.217853
0.217848,0.217848
0.217847,0.217847
0.217844,0.217844
0.217843,0.217843
0.217843,0.217843
0.217843,0.217843
0.217842,0.217842
0.217834,0.217834
0.217818,0.217818
0.217816,0.217816
0.217813,0.217813
0.217809,0.217809
0.217806,0.217806
0.217801,0.217801
0.2178,0.2178
0.217799,0.217799
0.217793,0.217793
0.217779,0.217779
0.217777,0.217777
0.217777,0.217777
0.217775,0.217775
0.217774,0.217774
0.217772,0.217772
0.217771,0.217771
0.217768,0.217768
0.217763,0.217763
0.217759,0.217759
0.217759,0.217759
0.217758,0.217758
0.217755,0.217755
0.217738,0.217738
0.217733,0.217733
0.217731,0.217731
0.21773,0.21773
0.21773,0.21773
0.217729,0.217729
0.217729,0.217729
0.217725,0.217725
0.217723,0.217723
0.217719,0.217719
0.217713,0.217713
0.217709,0.217709
0.217707,0.217707
0.217706,0.217706
0.217705,0.217705
0.217705,0.217705
0.217705,0.217705
0.217704,0.217704
0.217703,0.217703
0.217698,0.217698
0.217697,0.217697
0.217695,0.217695
0.217695,0.217695
0.217695,0.217695
0.217695,0.217695
0.217689,0.217689
0.217686,0.217686
0.217677,0.217677
0.217676,0.217676
0.217675,0.217675
0.217671,0.217671
0.217671,0.217671
0.21767,0.21767
0.217669,0.217669
0.217669,0.217669
0.217669,0.217669
0.217668,0.217668
0.217668,0.217668
0.217666,0.217666
0.217665,0.217665
0.217664,0.217664
0.217664,0.217664
0.217663,0.217663
0.217661,0.217661
0.217658,0.217658
0.217651,0.217651
0.217648,0.217648
0.217645,0.217645
0.217639,0.217639
0.217633,0.217633
0.217633,0.217633
0.217632,0.217632
0.21763,0.21763
0.217629,0.217629
0.217626,0.217626
0.217625,0.217625
0.217625,0.217625
0.217622,0.217622
0.217622,0.217622
0.217621,0.217621
0.21762,0.21762
0.21762,0.21762
0.217618,0.217618
0.217613,0.217613
0.217609,0.217609
0.217606,0.217606
0.217604,0.217604
0.217598,0.217598
0.217595,0.217595
0.217592,0.217592
0.21759,0.21759
0.217586,0.217586
0.217584,0.217584
0.217583,0.217583
0.217582,0.217582
0.217581,0.217581
0.217575,0.217575
0.217572,0.217572
0.217571,0.217571
0.217566,0.217566
0.217563,0.217563
0.217563,0.217563
0.217563,0.217563
0.217561,0.217561
0.21756,0.21756
0.217559,0.217559
0.217558,0.217558
0.217554,0.217554
0.217553,0.217553
0.217553,0.217553
0.21755,0.21755
0.217549,0.217549
0.217543,0.217543
0.217542,0.217542
0.217542,0.217542
0.217538,0.217538
0.217538,0.217538
0.217531,0.217531
0.217529,0.217529
0.217528,0.217528
0.217527,0.217527
0.217524,0.217524
0.217523,0.217523
0.217521,0.217521
0.217516,0.217516
0.217515,0.217515
0.217512,0.217512
0.217511,0.217511
0.217499,0.217499
0.217498,0.217498
0.217496,0.217496
0.217494,0.217494
0.217493,0.217493
0.217492,0.217492
0.217492,0.217492
0.217492,0.217492
0.21749,0.21749
0.217487,0.217487
0.217486,0.217486
0.217481,0.217481
0.217481,0.217481
0.21748,0.21748
0.217475,0.217475
0.217474,0.217474
0.217471,0.217471
0.217468,0.217468
0.217468,0.217468
0.217466,0.217466
0.217466,0.217466
0.217465,0.217465
0.217463,0.217463
0.217462,0.217462
0.217458,0.217458
0.217451,0.217451
0.21745,0.21745
0.217447,0.217447
0.217439,0.217439
0.217438,0.217438
0.217437,0.217437
0.217435,0.217435
0.217435,0.217435
0.217434,0.217434
0.21743,0.21743
0.217429,0.217429
0.217429,0.217429
0.217428,0.217428
0.217426,0.217189
0.217426,0.217426
0.217421,0.217421
0.217419,0.217419
0.217419,0.217419
0.217415,0.217415
0.217413,0.217413
0.217409,0.217409
0.217407,0.217407
0.217406,0.217406
0.217405,0.217405
0.217405,0.217405
0.217404,0.217404
0.2174,0.2174
0.217399,0.217399
0.217396,0.217396
0.217394,0.217394
0.217388,0.217388
0.217372,0.217372
0.21737,0.21737
0.21737,0.21737
0.217368,0.217368
0.217368,0.217368
0.217366,0.217366
0.217365,0.217365
0.217365,0.217365
0.217364,0.217364
0.217363,0.217363
0.217361,0.217361
0.217356,0.217356
0.217355,0.217355
0.21735,0.21735
0.217348,0.217348
0.217348,0.217348
0.217336,0.217336
0.217334,0.217334
0.217333,0.217333
0.21733,0.21733
0.217328,0.217328
0.21732,0.21732
0.217315,0.217315
0.217311,0.217311
0.217301,0.217301
0.217301,0.217301
0.2173,0.2173
0.217298,0.217298
0.217298,0.217298
0.217298,0.217298
0.217297,0.217297
0.217294,0.217294
0.217293,0.217293
0.217289,0.217289
0.217288,0.217288
0.217288,0.217288
0.217284,0.217284
0.217283,0.217283
0.217282,0.217282
0.217282,0.217282
0.21728,0.21728
0.217275,0.213432
0.217275,0.217275
0.217266,0.217266
0.217264,0.217264
0.217263,0.217263
0.217263,0.217263
0.217263,0.217263
0.217261,0.217261
0.21726,0.21726
0.217257,0.217257
0.217252,0.217252
0.21725,0.21725
0.217246,0.217246
0.217245,0.217245
0.217244,0.210463
0.217244,0.217244
0.217242,0.217242
0.217241,0.217241
0.21724,0.21724
0.217236,0.217236
0.217234,0.217234
0.217232,0.217232
0.21723,0.21723
0.217228,0.217228
0.217224,0.217224
0.217222,0.217222
0.217221,0.217221
0.21722,0.21722
0.217219,0.217219
0.217216,0.217216
0.217212,0.217212
0.217203,0.217203
0.217201,0.217201
0.2172,0.2172
0.217199,0.217199
0.217192,0.217192
0.217192,0.217192
0.21719,0.21719
0.217189,0.217189
0.217187,0.217187
0.217178,0.217178
0.217177,0.217177
0.217175,0.217175
0.217172,0.217172
0.217172,0.217172
0.217167,0.217167
0.217167,0.217167
0.217165,0.217165
0.217163,0.217163
0.217162,0.217162
0.217161,0.217161
0.21716,0.21716
0.217158,0.217158
0.217153,0.217153
0.217151,0.217151
0.217149,0.217149
0.217146,0.217146
0.217141,0.217141
0.217131,0.217131
0.217131,0.217131
0.21713,0.21713
0.217128,0.217128
0.217128,0.217128
0.217127,0.217127
0.217119,0.217119
0.217116,0.217116
0.217115,0.217115
0.217114,0.217114
0.217114,0.217114
0.21711,0.21711
0.217107,0.217107
0.217104,0.217104
0.217098,0.217098
0.217091,0.217091
0.217085,0.217085
0.217084,0.217084
0.217077,0.217077
0.217074,0.217074
0.217064,0.217064
0.217062,0.217062
0.21706,0.21706
0.21706,0.21706
0.217055,0.217055
0.217053,0.217053
0.217052,0.217052
0.217051,0.217051
0.21705,0.21705
0.217049,0.217049
0.217049,0.217049
0.217043,0.217043
0.217042,0.217042
0.217041,0.217041
0.217034,0.217034
0.217032,0.217032
0.217029,0.217029
0.217028,0.217028
0.217027,0.217027
0.217026,0.217026
0.217025,0.217025
0.217023,0.217023
0.217021,0.217021
0.217021,0.217021
0.217018,0.217018
0.21701,0.21701
0.216992,0.216992
0.216991,0.216991
0.216989,0.216989
0.216989,0.216989
0.216989,0.216989
0.216988,0.216988
0.216985,0.216985
0.216984,0.216984
0.216978,0.216978
0.216978,0.216978
0.216977,0.216977
0.216972,0.213618
0.216972,0.216972
0.216964,0.216964
0.216963,0.216963
0.216961,0.216961
0.21696,0.21696
0.216958,0.216958
0.216958,0.216958
0.216955,0.216955
0.216952,0.216952
0.216948,0.216948
0.216946,0.216946
0.216943,0.216943
0.216942,0.216942
0.21694,0.21694
0.216937,0.216937
0.216934,0.216934
0.216933,0.216933
0.216933,0.216933
0.216931,0.216931
0.216931,0.216931
0.216929,0.216929
0.216928,0.216928
0.216923,0.216923
0.216923,0.216923
0.216922,0.216922
0.216919,0.216919
0.216918,0.216918
0.216917,0.216917
0.216912,0.216912
0.216912,0.216912
0.216911,0.216911
0.21691,0.21691
0.216909,0.216909
0.216908,0.216908
0.216906,0.216906
0.216905,0.216905
0.216904,0.216904
0.216904,0.216904
0.216903,0.216903
0.216903,0.216903
0.216902,0.216902
0.216902,0.216902
0.2169,0.2169
0.216899,0.210734
0.216899,0.216899
0.216899,0.216899
0.216891,0.216891
0.21689,0.21689
0.216889,0.216889
0.216882,0.216882
0.216877,0.216877
0.216875,0.216875
0.216868,0.216868
0.216867,0.216867
0.216866,0.216866
0.216865,0.216865
0.216864,0.216864
0.216862,0.216862
0.216862,0.216862
0.216861,0.216861
0.216859,0.216859
0.216852,0.216852
0.216849,0.216849
0.216849,0.213924
0.216849,0.216849
0.216848,0.216848
0.216848,0.216848
0.216847,0.216847
0.216845,0.216845
0.216841,0.216841
0.21684,0.21684
0.216839,0.216839
0.216838,0.216838
0.216836,0.216836
0.216835,0.216835
0.216835,0.216835
0.216834,0.216834
0.216829,0.216829
0.216826,0.216826
0.216826,0.212607
0.216826,0.216826
0.216826,0.216826
0.216824,0.216824
0.216817,0.216817
0.216812,0.216812
0.216811,0.216811
0.216809,0.216809
0.216805,0.216805
0.216805,0.216805
0.216804,0.216804
0.216803,0.216803
0.216802,0.216802
0.216802,0.216802
0.2168,0.2168
0.216798,0.216798
0.216797,0.216797
0.216793,0.216793
0.216793,0.216793
0.216792,0.216792
0.216786,0.216786
0.216783,0.216783
0.216782,0.216782
0.216779,0.216779
0.216778,0.216778
0.216776,0.216776
0.216773,0.216773
0.216767,0.216767
0.216762,0.216762
0.216757,0.216757
0.216757,0.216757
0.216755,0.216755
0.216751,0.216751
0.216751,0.216751
0.216744,0.216744
0.216744,0.216744
0.216738,0.216738
0.216735,0.216735
0.21673,0.21673
0.21673,0.212133
0.21673,0.21673
0.216729,0.216729
0.216727,0.216727
0.216726,0.216726
0.216722,0.216722
0.216721,0.216721
0.216718,0.216718
0.216716,0.216716
0.216708,0.216708
0.216706,0.216706
0.216704,0.216704
0.216695,0.216695
0.216692,0.216692
0.216691,0.216691
0.216687,0.216687
0.216685,0.216685
0.216679,0.216679
0.216678,0.216678
0.216676,0.216676
0.216675,0.216675
0.216675,0.216675
0.216674,0.216674
0.216672,0.216672
0.216671,0.216671
0.216671,0.216671
0.216671,0.216671
0.216667,0.216667
0.216664,0.216664
0.216662,0.216662
0.216656,0.216656
0.216656,0.216656
0.216655,0.216655
0.216655,0.216655
0.216654,0.216654
0.216651,0.216651
0.21665,0.21665
0.216649,0.216649
0.216648,0.216648
0.216647,0.216647
0.216643,0.216643
0.216642,0.216642
0.216641,0.216641
0.216641,0.216641
0.21664,0.21664
0.216639,0.216639
0.216639,0.216639
0.216635,0.216635
0.216635,0.216635
0.216634,0.216634
0.216631,0.216631
0.216631,0.216631
0.216629,0.216629
0.216629,0.216629
0.216629,0.216629
0.216626,0.216626
0.216626,0.216626
0.216625,0.216625
0.216623,0.216623
0.216621,0.216621
0.216621,0.216621
0.216615,0.216615
0.21661,0.21661
0.216609,0.216609
0.216608,0.216608
0.2166,0.2166
0.216599,0.216599
0.216597,0.216597
0.216595,0.216595
0.216595,0.216595
0.216595,0.216595
0.216593,0.216593
0.216591,0.216591
0.216591,0.216591
0.216591,0.216591
0.21659,0.21659
0.216589,0.216589
0.216588,0.216588
0.216588,0.216588
0.216586,0.216586
0.216584,0.216584
0.216583,0.216583
0.216575,0.216575
0.216572,0.216572
0.216571,0.216571
0.216568,0.216568
0.216566,0.216566
0.216565,0.216565
0.216563,0.216563
0.21656,0.21656
0.21656,0.21656
0.216558,0.216558
0.216558,0.216558
0.216556,0.216556
0.216556,0.216556
0.216548,0.216548
0.216543,0.216543
0.216543,0.216543
0.216543,0.216543
0.216541,0.216541
0.216537,0.216537
0.216533,0.216533
0.216533,0.216533
0.216531,0.216531
0.216529,0.216529
0.216525,0.216525
0.216524,0.216524
0.216522,0.216522
0.216521,0.216521
0.21652,0.21652
0.216518,0.216518
0.216515,0.216515
0.216511,0.216511
0.216509,0.216509
0.216508,0.216508
0.216507,0.216507
0.216507,0.216507
0.216505,0.216505
0.216504,0.216504
0.216503,0.216503
0.216502,0.216502
0.216502,0.216502
0.216497,0.216497
0.216495,0.216495
0.216495,0.212633
0.216495,0.216495
0.216493,0.216493
0.216485,0.216485
0.216481,0.216481
0.21648,0.21648
0.216479,0.216479
0.216478,0.216478
0.216477,0.216477
0.21647,0.21647
0.216467,0.216467
0.216465,0.216465
0.216464,0.216464
0.216462,0.216462
0.216459,0.216459
0.216454,0.216454
0.216449,0.216449
0.216445,0.216445
0.216443,0.216443
0.216442,0.216442
0.216438,0.216438
0.216437,0.216437
0.216436,0.216436
0.216436,0.216436
0.216433,0.216433
0.21643,0.21643
0.216424,0.216424
0.216423,0.216423
0.216423,0.216423
0.216419,0.216419
0.216416,0.216416
0.216415,0.216415
0.216412,0.216412
0.216411,0.216411
0.21641,0.21641
0.216409,0.216409
0.216402,0.216402
0.216398,0.216398
0.216397,0.216397
0.216396,0.216396
0.216394,0.216394
0.216393,0.216393
0.216392,0.216392
0.216392,0.216392
0.216388,0.216388
0.216388,0.216388
0.216383,0.216383
0.21638,0.21638
0.216379,0.216379
0.216374,0.216374
0.216374,0.216374
0.216368,0.216368
0.216368,0.216368
0.216367,0.216367
0.216357,0.216357
0.216352,0.216352
0.216351,0.216351
0.21635,0.21635
0.216342,0.216342
0.216341,0.216341
0.216341,0.216341
0.216339,0.216339
0.216337,0.216337
0.216335,0.216335
0.216332,0.216332
0.21633,0.21633
0.216329,0.216329
0.216328,0.216328
0.216327,0.216327
0.216326,0.216326
0.216325,0.216325
0.216324,0.216324
0.216324,0.216324
0.216324,0.216324
0.216323,0.216323
0.216322,0.216322
0.216322,0.216322
0.216321,0.216321
0.21632,0.21632
0.21632,0.21632
0.21632,0.21632
0.21632,0.21632
0.216317,0.216317
0.216315,0.216315
0.216313,0.216313
0.216311,0.216311
0.216309,0.216309
0.216308,0.210371
0.216308,0.216308
0.216303,0.216303
0.2163,0.2163
0.216288,0.216288
0.216285,0.216285
0.216279,0.216279
0.216277,0.211949
0.216277,0.216277
0.216276,0.216276
0.216276,0.216276
0.216273,0.216273
0.216272,0.216272
0.216271,0.216271
0.21627,0.21627
0.216266,0.216266
0.216265,0.216265
0.216261,0.216261
0.21626,0.21626
0.216259,0.216259
0.216259,0.216259
0.216258,0.216258
0.216256,0.216256
0.216256,0.216256
0.216251,0.216251
0.216248,0.216248
0.216248,0.216248
0.216247,0.216247
0.216246,0.216246
0.216244,0.216244
0.216241,0.216241
0.21624,0.21624
0.216239,0.216239
0.216239,0.216239
0.216238,0.216238
0.216233,0.216233
0.216222,0.216222
0.216216,0.216216
0.216214,0.216214
0.216214,0.216214
0.216212,0.216212
0.21621,0.21621
0.216209,0.216209
0.216209,0.216209
0.216209,0.216209
0.216205,0.216205
0.216202,0.215099
0.216202,0.216202
0.216201,0.216201
0.2162,0.2162
0.216199,0.216199
0.216199,0.216199
0.216196,0.216196
0.216191,0.216191
0.216187,0.216187
0.216185,0.216185
0.216184,0.216184
0.216183,0.216183
0.216183,0.216183
0.216182,0.216182
0.216182,0.216182
0.216174,0.216174
0.216173,0.216173
0.216172,0.216172
0.216169,0.216169
0.216166,0.216166
0.216164,0.216164
0.216163,0.216163
0.216161,0.216161
0.216157,0.216157
0.216155,0.216155
0.216152,0.216152
0.216151,0.216151
0.216142,0.216142
0.216136,0.216136
0.216136,0.216136
0.216134,0.216134
0.216132,0.216132
0.216132,0.216132
0.216129,0.216129
0.216127,0.216127
0.216116,0.216116
0.216115,0.216115
0.216112,0.216112
0.21611,0.21611
0.216108,0.216108
0.216108,0.216108
0.216105,0.216105
0.216103,0.216103
0.216102,0.216102
0.216101,0.216101
0.216099,0.216099
0.216098,0.216098
0.216094,0.216094
0.216091,0.216091
0.21609,0.21609
0.21609,0.21609
0.216088,0.216088
0.216087,0.216087
0.216084,0.216084
0.216083,0.216083
0.216082,0.216082
0.21608,0.21608
0.216079,0.216079
0.216076,0.216076
0.216075,0.216075
0.216071,0.216071
0.216071,0.216071
0.216071,0.216071
0.21607,0.21607
0.21607,0.21607
0.21607,0.21607
0.216066,0.216066
0.216066,0.216066
0.216065,0.216065
0.216063,0.216063
0.216062,0.216062
0.216062,0.216062
0.216061,0.216061
0.21606,0.21606
0.216059,0.216059
0.216058,0.216058
0.216056,0.216056
0.216055,0.216055
0.216054,0.216054
0.216054,0.216054
0.216053,0.216053
0.216051,0.216051
0.216045,0.216045
0.216043,0.216043
0.216041,0.216041
0.216041,0.216041
0.216039,0.216039
0.216039,0.216039
0.216037,0.216037
0.216035,0.216035
0.216035,0.216035
0.216025,0.216025
0.216017,0.216017
0.216013,0.216013
0.216009,0.216009
0.216008,0.216008
0.216006,0.216006
0.216005,0.216005
0.216003,0.216003
0.216002,0.216002
0.216,0.216
0.215999,0.215999
0.215995,0.215995
0.21599,0.21599
0.215988,0.215988
0.215982,0.215982
0.215971,0.215971
0.215971,0.215971
0.215969,0.215969
0.215968,0.215968
0.215967,0.215967
0.215967,0.215967
0.215966,0.215966
0.215961,0.215961
0.215958,0.215958
0.215957,0.215957
0.215956,0.215956
0.215955,0.215955
0.21595,0.21595
0.215948,0.215948
0.215946,0.215946
0.215942,0.215942
0.21594,0.21594
0.215936,0.215936
0.215934,0.215934
0.215933,0.215933
0.215932,0.215932
0.215931,0.215931
0.215931,0.215931
0.215929,0.215929
0.215924,0.215924
0.215924,0.215924
0.21592,0.21592
0.21592,0.21592
0.215917,0.215917
0.215913,0.215913
0.215911,0.215911
0.215909,0.215909
0.215908,0.215908
0.215908,0.215908
0.215905,0.215905
0.215904,0.215904
0.215903,0.215903
0.215903,0.215903
0.215902,0.215902
0.215901,0.215901
0.215899,0.215899
0.215898,0.215898
0.215894,0.215894
0.215893,0.215893
0.215892,0.215892
0.215887,0.215887
0.215884,0.215884
0.215882,0.215882
0.215878,0.215878
0.215878,0.215878
0.215876,0.215876
0.215875,0.215875
0.215874,0.215874
0.215871,0.215871
0.215871,0.215871
0.215866,0.215866
0.215865,0.215865
0.215864,0.215864
0.215863,0.215863
0.215862,0.215862
0.215861,0.215861
0.215859,0.215859
0.215859,0.215859
0.215858,0.215858
0.215858,0.215858
0.215856,0.214858
0.215856,0.215856
0.215856,0.215856
0.215852,0.215852
0.215851,0.215851
0.21585,0.21585
0.215849,0.213413
0.215849,0.215849
0.215847,0.215847
0.215845,0.215845
0.215842,0.215842
0.215839,0.215839
0.215834,0.215834
0.215833,0.215833
0.215833,0.215833
0.215832,0.215832
0.215832,0.215832
0.215831,0.215831
0.215828,0.215828
0.215819,0.215819
0.215819,0.214258
0.215819,0.215819
0.215818,0.215818
0.215811,0.215811
0.215809,0.215809
0.215808,0.215808
0.215808,0.215808
0.215805,0.215805
0.215804,0.215804
0.215801,0.215801
0.215799,0.215799
0.215798,0.215798
0.215795,0.215795
0.215791,0.215791
0.215791,0.215791
0.215789,0.215789
0.215789,0.215789
0.215788,0.215788
0.215787,0.215787
0.215786,0.215786
0.215785,0.215785
0.215784,0.215784
0.215783,0.215783
0.215782,0.215782
0.215779,0.215779
0.215774,0.215774
0.215772,0.215772
0.215771,0.215771
0.21577,0.21577
0.215767,0.215767
0.215766,0.215766
0.215762,0.215762
0.215757,0.215757
0.215755,0.215755
0.215754,0.215754
0.215753,0.215753
0.215752,0.215752
0.215751,0.215751
0.215751,0.215751
0.215749,0.215749
0.215748,0.215748
0.215745,0.215745
0.215744,0.215744
0.215744,0.215744
0.215741,0.215741
0.215741,0.215741
0.215735,0.215735
0.215733,0.215733
0.215732,0.215732
0.215731,0.215731
0.215729,0.215729
0.215725,0.215725
0.21572,0.21572
0.21572,0.21572
0.215716,0.215716
0.215711,0.215711
0.21571,0.21571
0.215706,0.215706
0.215705,0.215705
0.215704,0.215096
0.215704,0.215704
0.215703,0.215703
0.215703,0.215703
0.215703,0.215703
0.215702,0.215702
0.215701,0.215701
0.2157,0.2157
0.215697,0.215697
0.215697,0.215697
0.215697,0.215697
0.215696,0.215696
0.215686,0.215686
0.215681,0.215681
0.21568,0.21568
0.215679,0.215679
0.215678,0.215678
0.215678,0.215678
0.215676,0.215676
0.215676,0.215676
0.215675,0.215675
0.215674,0.215674
0.215673,0.215673
0.215669,0.215669
0.215669,0.215669
0.215668,0.215668
0.215668,0.215668
0.215667,0.215667
0.215666,0.215666
0.215664,0.215664
0.215662,0.215662
0.215661,0.215661
0.215661,0.215661
0.215659,0.215659
0.215658,0.215658
0.215658,0.215658
0.215647,0.215647
0.215647,0.215647
0.215646,0.215646
0.215646,0.215646
0.215641,0.215641
0.215641,0.215641
0.21564,0.21564
0.215634,0.215634
0.21563,0.21563
0.215625,0.215625
0.215624,0.215624
0.215624,0.215624
0.215623,0.215623
0.21562,0.21562
0.21562,0.21562
0.21562,0.21562
0.215617,0.215617
0.215616,0.215616
0.215614,0.215614
0.215608,0.215608
0.215606,0.215606
0.215603,0.215603
0.215603,0.215603
0.215603,0.215603
0.215602,0.215602
0.2156,0.2156
0.2156,0.2156
0.215596,0.215596
0.215591,0.215591
0.21559,0.21559
0.21559,0.21559
0.215589,0.215589
0.215589,0.215589
0.215581,0.215581
0.215579,0.215579
0.215577,0.215577
0.215573,0.215573
0.215572,0.215572
0.215571,0.215571
0.215571,0.215571
0.215567,0.215567
0.215563,0.215563
0.215557,0.215557
0.215556,0.215556
0.215552,0.215552
0.215549,0.215549
0.215549,0.215549
0.215547,0.215547
0.215546,0.215546
0.215546,0.215546
0.215544,0.215544
0.215543,0.215543
0.21554,0.21554
0.215539,0.215539
0.215537,0.215537
0.215535,0.215535
0.215534,0.215534
0.215533,0.215533
0.21553,0.213882
0.21553,0.21553
0.21553,0.21553
0.215527,0.215527
0.215527,0.215527
0.215525,0.215525
0.215522,0.215522
0.215522,0.215522
0.215521,0.215521
0.21552,0.21552
0.215519,0.215519
0.215518,0.215518
0.215517,0.215517
0.215511,0.215511
0.21551,0.21551
0.215509,0.215509
0.215508,0.215508
0.215506,0.215506
0.215506,0.215506
0.215506,0.215506
0.215505,0.215505
0.215505,0.215505
0.215505,0.215505
0.215505,0.215505
0.215504,0.215504
0.215502,0.215502
0.2155,0.2155
0.215499,0.215499
0.215499,0.215499
0.215499,0.215499
0.215497,0.212461
0.215497,0.215497
0.215497,0.215497
0.215497,0.215497
0.215494,0.215494
0.215493,0.215493
0.215492,0.215492
0.215491,0.215491
0.21549,0.21549
0.215487,0.215487
0.215478,0.215478
0.215476,0.215476
0.215475,0.215475
0.215474,0.215474
0.21547,0.21547
0.215467,0.215467
0.215466,0.215466
0.215465,0.215465
0.215463,0.215463
0.215463,0.215463
0.215455,0.215455
0.215454,0.215454
0.215453,0.215453
0.215449,0.215449
0.215446,0.215446
0.215445,0.215445
0.215445,0.215445
0.215443,0.215443
0.215442,0.215442
0.215441,0.215441
0.215438,0.215438
0.215437,0.215437
0.215437,0.215437
0.215436,0.215436
0.215436,0.215436
0.215433,0.215433
0.215432,0.215432
0.215423,0.215423
0.215419,0.215419
0.215419,0.215419
0.215418,0.215418
0.215418,0.215418
0.215414,0.215414
0.215414,0.215414
0.215413,0.215413
0.215412,0.215412
0.215408,0.215408
0.215406,0.215406
0.215404,0.215404
0.215403,0.215403
0.215403,0.215403
0.215402,0.215402
0.215399,0.215399
0.215398,0.215398
0.215396,0.215396
0.215394,0.215394
0.21538,0.212361
0.21538,0.21538
0.215376,0.215376
0.215374,0.215374
0.215374,0.215374
0.21537,0.21537
0.21537,0.21537
0.215369,0.215369
0.215366,0.215366
0.215366,0.215366
0.215365,0.215365
0.215363,0.215363
0.215361,0.215361
0.215359,0.215359
0.215357,0.215357
0.215353,0.215353
0.215351,0.215351
0.21535,0.21535
0.21535,0.21535
0.21535,0.21535
0.215347,0.215347
0.215346,0.215346
0.215344,0.215344
0.215342,0.215342
0.215342,0.215342
0.215337,0.215337
0.215333,0.215333
0.215323,0.215323
0.215322,0.215322
0.215322,0.215322
0.215321,0.215321
0.215319,0.215319
0.215317,0.215317
0.215315,0.215315
0.215314,0.215314
0.215313,0.215313
0.215312,0.215312
0.215311,0.215311
0.21531,0.21531
0.215307,0.215307
0.215306,0.215306
0.215305,0.215305
0.215304,0.215304
0.215304,0.215304
0.215303,0.215303
0.2153,0.2153
0.215296,0.215296
0.215288,0.215288
0.215287,0.215287
0.215286,0.215286
0.215285,0.215285
0.215279,0.215279
0.215277,0.215277
0.215276,0.215276
0.215275,0.215275
0.215275,0.215275
0.215274,0.215274
0.215274,0.215274
0.215265,0.215265
0.215264,0.215264
0.215264,0.215264
0.215263,0.215263
0.215262,0.215262
0.215257,0.215257
0.215254,0.215254
0.215251,0.215251
0.21525,0.21525
0.21525,0.21525
0.215248,0.215248
0.215241,0.215241
0.21524,0.21524
0.21524,0.21524
0.215238,0.215238
0.215236,0.215236
0.215231,0.215231
0.215225,0.215225
0.215225,0.215225
0.215225,0.215225
0.21522,0.21522
0.215219,0.215219
0.215219,0.215219
0.215218,0.215218
0.215216,0.215216
0.21521,0.21521
0.215209,0.215209
0.215207,0.215207
0.215205,0.215205
0.215204,0.215204
0.215204,0.215204
0.215198,0.215198
0.215197,0.215197
0.215196,0.215196
0.215194,0.215194
0.215194,0.215194
0.215194,0.215194
0.215193,0.215193
0.215193,0.215193
0.21519,0.21519
0.215185,0.215185
0.215185,0.215185
0.215184,0.215184
0.215183,0.215183
0.215181,0.215181
0.215179,0.215179
0.215179,0.215179
0.215175,0.215175
0.215174,0.215174
0.215172,0.215172
0.215171,0.215171
0.215169,0.215169
0.215168,0.215168
0.215165,0.215165
0.215164,0.215164
0.215163,0.215163
0.215157,0.215157
0.215157,0.215157
0.215156,0.215156
0.215155,0.215155
0.215153,0.215153
0.215153,0.212812
0.215153,0.215153
0.215152,0.215152
0.215151,0.215151
0.215149,0.215149
0.215148,0.215148
0.215144,0.215144
0.215143,0.215143
0.215143,0.215143
0.21514,0.21514
0.215137,0.215137
0.215137,0.215137
0.215135,0.215135
0.215133,0.215133
0.215132,0.215132
0.215132,0.215132
0.215128,0.215128
0.215122,0.215122
0.215122,0.215122
0.215121,0.215121
0.21512,0.21512
0.21512,0.21512
0.215118,0.215118
0.215117,0.215117
0.215116,0.215116
0.215116,0.215116
0.215114,0.215114
0.215111,0.215111
0.215109,0.215109
0.215108,0.215108
0.215103,0.215103
0.215103,0.215103
0.215103,0.215103
0.2151,0.2151
0.2151,0.2151
0.215099,0.215099
0.215098,0.215098
0.215098,0.215098
0.215098,0.215098
0.215089,0.215089
0.215089,0.215089
0.215088,0.215088
0.215088,0.215088
0.215086,0.215086
0.215082,0.214657
0.215082,0.215082
0.21508,0.212455
0.21508,0.21508
0.21508,0.21508
0.215079,0.215079
0.215079,0.215079
0.215077,0.215077
0.215077,0.215077
0.215069,0.215069
0.215068,0.215068
0.215068,0.215068
0.215064,0.215064
0.215063,0.215063
0.215063,0.215063
0.215062,0.215062
0.21506,0.21506
0.215059,0.215059
0.215058,0.215058
0.215057,0.215057
0.215053,0.215053
0.215049,0.215049
0.215048,0.215048
0.215047,0.215047
0.215044,0.215044
0.215043,0.215043
0.215042,0.215042
0.215037,0.215037
0.215037,0.215037
0.215036,0.215036
0.215035,0.215035
0.215032,0.215032
0.215029,0.215029
0.215026,0.215026
0.215025,0.215025
0.215023,0.215023
0.215021,0.215021
0.21502,0.21502
0.215019,0.215019
0.215019,0.215019
0.215018,0.215018
0.215017,0.215017
0.215015,0.215015
0.215015,0.215015
0.215014,0.215014
0.215009,0.215009
0.215007,0.215007
0.215006,0.215006
0.215003,0.215003
0.214992,0.214992
0.21499,0.21499
0.21499,0.21499
0.21499,0.214771
0.21499,0.21499
0.214989,0.214989
0.214982,0.214982
0.214981,0.214981
0.21498,0.21498
0.214979,0.214979
0.214979,0.214979
0.214977,0.214977
0.214977,0.214977
0.214974,0.214974
0.214974,0.214974
0.214974,0.214974
0.214972,0.214972
0.214968,0.214968
0.214966,0.214966
0.214965,0.214965
0.214964,0.214964
0.214964,0.214964
0.214961,0.214961
0.214958,0.214958
0.214957,0.214957
0.214955,0.214955
0.214954,0.214954
0.21495,0.21495
0.21495,0.21495
0.214947,0.214947
0.214947,0.214947
0.214946,0.214946
0.214946,0.214946
0.214945,0.214945
0.214942,0.214942
0.214941,0.214941
0.214941,0.214941
0.21494,0.21494
0.21494,0.21494
0.214938,0.214938
0.214934,0.214934
0.214932,0.214932
0.214927,0.214927
0.214926,0.214926
0.214919,0.214919
0.214917,0.214917
0.214913,0.214913
0.214913,0.214913
0.214913,0.214913
0.214909,0.214909
0.214909,0.214909
0.214908,0.214908
0.214907,0.214907
0.214906,0.214906
0.214904,0.214904
0.214903,0.214903
0.214898,0.214898
0.214896,0.214896
0.214895,0.214895
0.214892,0.214892
0.214889,0.214889
0.214888,0.214888
0.214887,0.214887
0.214885,0.214885
0.214884,0.214884
0.214882,0.214882
0.214881,0.214881
0.214881,0.214881
0.214871,0.214871
0.21487,0.21487
0.214869,0.214869
0.214869,0.214869
0.214868,0.214868
0.214868,0.214868
0.214867,0.214867
0.214864,0.214864
0.214862,0.214862
0.21486,0.21486
0.214859,0.214859
0.214858,0.214858
0.214858,0.214858
0.214858,0.214858
0.214856,0.214856
0.214854,0.214854
0.214853,0.214853
0.214852,0.214852
0.21484,0.21484
0.214839,0.214839
0.214838,0.214838
0.214836,0.214836
0.21483,0.21483
0.214829,0.214829
0.214829,0.214829
0.214829,0.214829
0.214826,0.214826
0.214826,0.214826
0.214825,0.214825
0.214824,0.214824
0.214824,0.214824
0.214822,0.214822
0.21482,0.21482
0.214818,0.214818
0.214813,0.214813
0.214812,0.214812
0.214812,0.214812
0.214811,0.214811
0.214811,0.214811
0.21481,0.21481
0.214809,0.214809
0.214808,0.214808
0.214806,0.214806
0.214806,0.214806
0.214804,0.214804
0.214803,0.214803
0.214803,0.214803
0.214802,0.214802
0.214801,0.214801
0.2148,0.2148
0.2148,0.2148
0.214799,0.214799
0.214798,0.214798
0.214798,0.214798
0.214797,0.214797
0.214793,0.214793
0.214792,0.214792
0.214787,0.214787
0.214787,0.214787
0.214784,0.214784
0.214783,0.214783
0.214781,0.214781
0.214781,0.214781
0.21478,0.21478
0.21478,0.21478
0.214778,0.214778
0.214778,0.214778
0.214776,0.214776
0.214774,0.214774
0.214773,0.214773
0.21477,0.21477
0.21477,0.21477
0.21477,0.21477
0.214766,0.214766
0.214765,0.214765
0.214763,0.214763
0.214763,0.214763
0.214763,0.214763
0.21476,0.21476
0.214756,0.214756
0.214756,0.214756
0.214756,0.214756
0.214755,0.214755
0.214755,0.214755
0.214754,0.214754
0.214752,0.214752
0.214751,0.214751
0.214749,0.214749
0.214748,0.214748
0.214744,0.214744
0.214741,0.214741
0.21474,0.21474
0.21474,0.21474
0.214738,0.214738
0.214737,0.214737
0.214737,0.214737
0.214736,0.214736
0.214735,0.214735
0.214735,0.214735
0.214733,0.214733
0.214731,0.214731
0.214731,0.214731
0.214731,0.214731
0.214729,0.214729
0.214728,0.214728
0.214728,0.214728
0.214727,0.214727
0.214721,0.214721
0.21472,0.21472
0.214717,0.214717
0.214716,0.214716
0.214716,0.214716
0.214712,0.214712
0.21471,0.21471
0.214707,0.214707
0.214706,0.214706
0.214706,0.214706
0.214704,0.214704
0.214702,0.214702
0.214701,0.214701
0.214698,0.214698
0.214696,0.214696
0.214696,0.214696
0.214692,0.214692
0.214691,0.214691
0.214688,0.214688
0.214687,0.214687
0.214687,0.214687
0.214686,0.214686
0.214685,0.214685
0.214684,0.214684
0.214677,0.214677
0.214676,0.214676
0.214676,0.214676
0.214675,0.214675
0.214674,0.214674
0.214669,0.214669
0.214668,0.214668
0.214668,0.214668
0.214666,0.214666
0.214666,0.214666
0.214664,0.214664
0.214662,0.214662
0.214661,0.214661
0.214661,0.214661
0.214661,0.214661
0.214659,0.214659
0.214657,0.214657
0.214655,0.214655
0.214655,0.214655
0.214654,0.214654
0.214653,0.214653
0.214651,0.214651
0.214648,0.214648
0.214648,0.214648
0.214646,0.214646
0.214646,0.214646
0.21464,0.21464
0.214639,0.214639
0.214638,0.214638
0.214634,0.214634
0.214632,0.214632
0.214632,0.214632
0.214627,0.214627
0.214627,0.214627
0.214626,0.214626
0.214622,0.214622
0.214616,0.214616
0.214614,0.214614
0.214611,0.214611
0.214607,0.214607
0.214607,0.214607
0.214604,0.214604
0.214603,0.214603
0.2146,0.2146
0.214599,0.214599
0.214598,0.214598
0.214597,0.214597
0.214596,0.214596
0.214595,0.214595
0.214594,0.214594
0.214592,0.214592
0.214591,0.214591
0.21459,0.21459
0.214589,0.214589
0.214589,0.214589
0.214588,0.214588
0.214585,0.214585
0.214583,0.214583
0.214583,0.214583
0.214582,0.214582
0.214582,0.214582
0.214578,0.214578
0.214578,0.214578
0.214576,0.214576
0.214576,0.214576
0.214575,0.214575
0.214574,0.214574
0.214573,0.214573
0.214572,0.214572
0.214566,0.214566
0.214566,0.214566
0.214565,0.214565
0.214557,0.214557
0.214549,0.214549
0.214548,0.214548
0.214546,0.214546
0.214545,0.214545
0.214545,0.214545
0.214542,0.214542
0.214542,0.214542
0.214537,0.214537
0.214535,0.214535
0.214534,0.214534
0.214534,0.214534
0.214533,0.214533
0.214529,0.214529
0.214526,0.214526
0.214523,0.214523
0.21452,0.21452
0.214518,0.214518
0.214516,0.214516
0.214513,0.214513
0.214513,0.214513
0.214513,0.214513
0.21451,0.21451
0.214506,0.214506
0.214506,0.214506
0.214503,0.214503
0.214501,0.214501
0.214501,0.214501
0.2145,0.2145
0.214499,0.214499
0.214498,0.214498
0.214498,0.214498
0.214495,0.214495
0.214495,0.214495
0.214495,0.214495
0.214492,0.214492
0.214491,0.214491
0.214488,0.214488
0.214485,0.214485
0.214485,0.214485
0.214483,0.214483
0.214478,0.214478
0.214478,0.214478
0.214477,0.214477
0.214476,0.214476
0.214476,0.214476
0.214473,0.214473
0.21447,0.21447
0.214469,0.214469
0.214469,0.214469
0.214468,0.214468
0.214467,0.214467
0.214466,0.214466
0.214466,0.214466
0.214464,0.214464
0.214459,0.214459
0.214457,0.214457
0.214455,0.214455
0.214455,0.214455
0.214454,0.214454
0.21445,0.21445
0.214447,0.214447
0.214447,0.214447
0.214446,0.214446
0.214446,0.214446
0.214445,0.214445
0.214442,0.214442
0.214442,0.214442
0.21444,0.21444
0.21444,0.21444
0.214437,0.214437
0.214434,0.214434
0.214432,0.214432
0.214431,0.214431
0.214431,0.214431
0.214429,0.210855
0.214429,0.214429
0.214428,0.214428
0.214426,0.214426
0.214425,0.214425
0.214419,0.214419
0.214418,0.214418
0.214417,0.214417
0.214415,0.214415
0.214409,0.214409
0.214408,0.214408
0.214407,0.214407
0.214406,0.214406
0.214405,0.214405
0.214405,0.214405
0.214404,0.214404
0.214402,0.214402
0.214402,0.214402
0.214401,0.214401
0.214401,0.214401
0.214397,0.214397
0.214396,0.214396
0.214396,0.214396
0.214395,0.214395
0.214394,0.214394
0.214393,0.214393
0.214393,0.214393
0.21439,0.21439
0.214389,0.214389
0.214389,0.214389
0.214389,0.214389
0.214389,0.214389
0.214388,0.214388
0.214388,0.214388
0.214386,0.214386
0.214385,0.214385
0.214377,0.214377
0.214373,0.214373
0.214372,0.214372
0.214371,0.214371
0.214366,0.214366
0.214361,0.214361
0.214361,0.214361
0.21436,0.21436
0.214359,0.214359
0.214359,0.214359
0.214355,0.214355
0.214349,0.214349
0.214349,0.214349
0.214347,0.214347
0.214347,0.214347
0.214346,0.214346
0.214346,0.214346
0.214344,0.214344
0.214343,0.214343
0.214342,0.214342
0.214341,0.214341
0.214339,0.214339
0.214339,0.214339
0.214337,0.214337
0.214337,0.214337
0.214336,0.214336
0.214336,0.214336
0.214335,0.214335
0.214331,0.214331
0.214328,0.214328
0.214327,0.214327
0.214325,0.214325
0.214321,0.214321
0.21432,0.21432
0.21432,0.21432
0.214315,0.214315
0.214312,0.214312
0.214309,0.214309
0.214309,0.214309
0.214309,0.214309
0.214308,0.214308
0.214307,0.214307
0.214307,0.214307
0.214306,0.214306
0.214304,0.214304
0.214302,0.214302
0.214302,0.214302
0.214301,0.214301
0.214298,0.214298
0.214288,0.214288
0.214288,0.214288
0.214288,0.214288
0.214283,0.214283
0.214277,0.214277
0.214277,0.214277
0.21427,0.21427
0.21427,0.21427
0.214269,0.214269
0.214268,0.214268
0.214267,0.214267
0.214267,0.214267
0.214265,0.214265
0.214264,0.214264
0.214261,0.214261
0.214259,0.214259
0.214259,0.214259
0.214258,0.214258
0.214257,0.214257
0.214255,0.214255
0.214254,0.214254
0.214253,0.214253
0.214251,0.214251
0.214249,0.214249
0.214246,0.214246
0.214246,0.214246
0.214244,0.214244
0.214243,0.214243
0.214237,0.214237
0.214235,0.214235
0.214235,0.214235
0.214234,0.214234
0.214232,0.214232
0.214231,0.214231
0.21423,0.21423
0.21423,0.21423
0.214229,0.214229
0.214229,0.214229
0.214229,0.214229
0.214228,0.214228
0.214227,0.214227
0.214225,0.214225
0.214225,0.214225
0.214221,0.214221
0.214221,0.214221
0.214219,0.214219
0.214219,0.214219
0.214218,0.214218
0.214215,0.214215
0.214212,0.214212
0.214211,0.214211
0.21421,0.21421
0.21421,0.21421
0.214208,0.214208
0.214205,0.214205
0.214203,0.214203
0.214202,0.214202
0.2142,0.2142
0.214199,0.214199
0.214198,0.214198
0.214197,0.214197
0.214196,0.214196
0.214194,0.214194
0.214193,0.214193
0.214192,0.214192
0.214192,0.214192
0.214191,0.214191
0.214191,0.214191
0.21419,0.21419
0.214189,0.214189
0.214184,0.214184
0.214184,0.214184
0.214182,0.214182
0.214181,0.214181
0.21418,0.21418
0.214178,0.214178
0.214177,0.214177
0.214177,0.214177
0.214173,0.214173
0.214173,0.214173
0.214171,0.214171
0.21417,0.21417
0.214169,0.214169
0.214165,0.214165
0.214165,0.214165
0.214163,0.214163
0.214162,0.214162
0.214158,0.214158
0.214158,0.214158
0.214157,0.214157
0.214154,0.214154
0.214154,0.214154
0.214148,0.214148
0.214145,0.214145
0.214143,0.214143
0.214139,0.214139
0.214136,0.214136
0.214134,0.214134
0.214132,0.214132
0.21413,0.211238
0.21413,0.21413
0.214129,0.214129
0.214129,0.214129
0.214128,0.214128
0.214126,0.214126
0.214124,0.214124
0.214124,0.214124
0.214122,0.214122
0.214122,0.214122
0.214122,0.214122
0.214118,0.214118
0.214116,0.214116
0.214114,0.214114
0.214113,0.214113
0.214111,0.214111
0.214109,0.214109
0.214108,0.214108
0.214105,0.214105
0.214101,0.214101
0.2141,0.2141
0.214097,0.214097
0.214096,0.214096
0.214092,0.214092
0.21409,0.21409
0.21409,0.21409
0.214089,0.214089
0.214088,0.214088
0.214088,0.214088
0.214086,0.214086
0.214084,0.214084
0.214082,0.214082
0.214082,0.214082
0.214079,0.214079
0.214078,0.214078
0.214078,0.211985
0.214078,0.214078
0.214077,0.214077
0.214075,0.214075
0.214073,0.214073
0.21407,0.21407
0.214068,0.214068
0.214066,0.214066
0.214065,0.214065
0.214065,0.214065
0.214065,0.214065
0.214062,0.214062
0.214061,0.214061
0.214061,0.214061
0.21406,0.21406
0.21406,0.21406
0.21406,0.21406
0.214052,0.214052
0.214051,0.214051
0.214048,0.214048
0.214045,0.214045
0.214043,0.214043
0.214041,0.214041
0.21404,0.21404
0.214039,0.214039
0.214034,0.214034
0.214033,0.214033
0.214032,0.214032
0.214032,0.214032
0.214029,0.214029
0.214028,0.214028
0.214028,0.214028
0.214022,0.214022
0.214019,0.214019
0.214016,0.214016
0.214016,0.214016
0.214015,0.214015
0.214006,0.214006
0.214004,0.214004
0.214004,0.214004
0.214003,0.214003
0.214,0.214
0.214,0.214
0.214,0.214
0.214,0.212448
0.214,0.214
0.213997,0.213997
0.213997,0.213997
0.213995,0.213995
0.213993,0.213993
0.213991,0.213991
0.21399,0.21399
0.213989,0.213989
0.213989,0.213989
0.213987,0.213987
0.213985,0.213985
0.213984,0.213984
0.213981,0.213981
0.213981,0.213981
0.21398,0.21398
0.21398,0.21398
0.21398,0.21398
0.213979,0.213979
0.213978,0.213978
0.213975,0.213975
0.213975,0.213975
0.213973,0.213973
0.213972,0.213972
0.213971,0.213971
0.213969,0.213969
0.213969,0.213969
0.213967,0.213967
0.213967,0.213967
0.213965,0.213965
0.213964,0.213964
0.213963,0.213963
0.21396,0.21396
0.21396,0.21396
0.213959,0.213959
0.213957,0.213957
0.213956,0.213956
0.213952,0.213952
0.213952,0.211081
0.213952,0.213952
0.213948,0.213948
0.213947,0.213947
0.213947,0.213947
0.213946,0.213946
0.213945,0.213945
0.213942,0.213942
0.21394,0.21394
0.213938,0.213938
0.213937,0.213937
0.213936,0.213936
0.213931,0.213931
0.213928,0.213928
0.213927,0.213927
0.213926,0.213926
0.213926,0.213926
0.213924,0.213924
0.213923,0.213923
0.213921,0.213921
0.213919,0.213919
0.213919,0.213919
0.213919,0.213919
0.213915,0.213915
0.213914,0.213914
0.213911,0.213911
0.213911,0.213911
0.213908,0.213908
0.213907,0.213907
0.213904,0.213904
0.213903,0.213903
0.2139,0.2139
0.213898,0.213898
0.213896,0.213896
0.213894,0.213894
0.213894,0.213894
0.213891,0.213891
0.213887,0.213887
0.213885,0.213885
0.213885,0.213885
0.213884,0.213884
0.213884,0.213884
0.213882,0.213882
0.213879,0.213879
0.213875,0.213875
0.213872,0.213872
0.213872,0.213872
0.21387,0.21387
0.213867,0.213867
0.213866,0.213866
0.213866,0.213866
0.213864,0.213864
0.21386,0.21386
0.213859,0.213859
0.213859,0.213859
0.213857,0.213857
0.213854,0.213854
0.213851,0.213851
0.21385,0.21385
0.213849,0.213849
0.213849,0.213849
0.213848,0.213848
0.213847,0.213847
0.213844,0.213844
0.213844,0.213844
0.213843,0.213843
0.213843,0.213843
0.213842,0.213842
0.213842,0.213842
0.21384,0.21384
0.21384,0.21384
0.213837,0.213837
0.213836,0.213836
0.213835,0.213835
0.213833,0.213833
0.213827,0.213827
0.213826,0.213826
0.213821,0.213821
0.21382,0.21382
0.213819,0.213819
0.213819,0.213819
0.213816,0.213816
0.213816,0.213816
0.213816,0.213816
0.213816,0.213816
0.213814,0.213814
0.213812,0.213812
0.213804,0.213804
0.213802,0.213802
0.213801,0.213801
0.213801,0.213801
0.213801,0.213801
0.213797,0.213797
0.213795,0.213795
0.213792,0.213792
0.213792,0.213792
0.213787,0.213787
0.213784,0.213784
0.213783,0.213783
0.213782,0.213782
0.213782,0.213782
0.213781,0.213781
0.21378,0.21378
0.213779,0.213779
0.213778,0.213778
0.213777,0.213777
0.213777,0.213777
0.213776,0.213776
0.213776,0.213776
0.213775,0.213775
0.213774,0.213774
0.213771,0.213771
0.21377,0.21377
0.213767,0.213767
0.213766,0.213766
0.213764,0.213764
0.213762,0.213762
0.213762,0.213762
0.213761,0.213761
0.21376,0.21376
0.213759,0.213759
0.213759,0.213759
0.213757,0.213757
0.213754,0.213754
0.213754,0.213754
0.213752,0.213752
0.213752,0.213752
0.21375,0.21375
0.213749,0.213749
0.213748,0.213748
0.213747,0.213747
0.213745,0.213745
0.213743,0.213743
0.213738,0.213738
0.213735,0.213735
0.213731,0.213731
0.213727,0.213727
0.213725,0.213725
0.213724,0.213724
0.213724,0.213724
0.213724,0.213724
0.213723,0.213723
0.213721,0.213721
0.213718,0.213718
0.213717,0.213717
0.213715,0.213715
0.213708,0.213708
0.213706,0.213706
0.213704,0.213704
0.213699,0.213699
0.213699,0.213699
0.213699,0.213699
0.213698,0.213698
0.213696,0.213696
0.213696,0.213696
0.213695,0.213695
0.213694,0.213694
0.213693,0.213693
0.21369,0.21369
0.213688,0.213688
0.213688,0.213688
0.213686,0.213686
0.213685,0.213685
0.213684,0.213684
0.21368,0.21368
0.21368,0.21368
0.213678,0.213678
0.213675,0.213675
0.213675,0.213675
0.213674,0.213674
0.213673,0.213673
0.213669,0.213669
0.213669,0.213669
0.213668,0.213668
0.213668,0.213668
0.213668,0.213668
0.213666,0.213666
0.213666,0.213666
0.213665,0.213665
0.213664,0.213664
0.213663,0.213663
0.213661,0.213661
0.213661,0.213661
0.21366,0.21366
0.213658,0.213658
0.213657,0.213657
0.213656,0.213656
0.213655,0.213655
0.213653,0.213653
0.213651,0.213651
0.213648,0.213648
0.213646,0.213646
0.213646,0.213646
0.213646,0.213646
0.213638,0.213638
0.213635,0.213635
0.213635,0.213635
0.213635,0.213635
0.213634,0.213634
0.213633,0.213633
0.213629,0.213629
0.213626,0.213626
0.213624,0.213624
0.213622,0.213622
0.213619,0.213619
0.213617,0.213617
0.213614,0.213614
0.213614,0.213614
0.213614,0.213614
0.213613,0.213613
0.213612,0.213612
0.213611,0.213611
0.213611,0.213611
0.213607,0.213607
0.213606,0.213606
0.213605,0.213605
0.213597,0.213597
0.213596,0.213596
0.213595,0.213595
0.213594,0.213594
0.213591,0.213591
0.21359,0.21359
0.213589,0.213589
0.213588,0.213588
0.213587,0.213587
0.213586,0.213586
0.213583,0.213583
0.213582,0.213582
0.213577,0.213577
0.213576,0.213576
0.21357,0.21357
0.21357,0.21357
0.213569,0.213569
0.213567,0.213567
0.213563,0.213563
0.213562,0.213562
0.213562,0.213562
0.213561,0.213561
0.213554,0.213554
0.213553,0.213553
0.213544,0.213544
0.213543,0.213543
0.213533,0.213533
0.213532,0.213532
0.213531,0.213531
0.213531,0.213531
0.213529,0.213529
0.213526,0.213526
0.213525,0.213525
0.213525,0.213525
0.213524,0.213524
0.213522,0.213522
0.213522,0.213522
0.213521,0.213521
0.213521,0.213521
0.21352,0.21352
0.213519,0.213519
0.213516,0.213516
0.21351,0.21351
0.213506,0.213506
0.213506,0.213506
0.213505,0.213505
0.213505,0.213505
0.213504,0.213504
0.213499,0.213499
0.213496,0.213496
0.213496,0.213496
0.213495,0.213495
0.213494,0.213494
0.213492,0.213492
0.213492,0.213492
0.21349,0.21349
0.213489,0.213489
0.213487,0.213487
0.213485,0.213485
0.213484,0.213484
0.213484,0.213484
0.213482,0.213482
0.213481,0.213481
0.213478,0.213478
0.213474,0.213474
0.213472,0.213472
0.21347,0.21347
0.21347,0.21347
0.213469,0.213469
0.213468,0.213468
0.213468,0.213468
0.213463,0.213463
0.213461,0.213461
0.21346,0.21346
0.213458,0.213458
0.213453,0.213453
0.213451,0.213451
0.21345,0.21345
0.213445,0.213445
0.213442,0.213442
0.213441,0.213441
0.213441,0.213441
0.213434,0.213434
0.213434,0.213434
0.213434,0.213434
0.213429,0.213429
0.213429,0.213429
0.213429,0.213429
0.213428,0.213428
0.213425,0.213425
0.213425,0.213425
0.213424,0.213424
0.213423,0.213423
0.213421,0.213421
0.213417,0.213417
0.213416,0.213416
0.213416,0.213416
0.213415,0.213415
0.213414,0.213414
0.213414,0.213414
0.213414,0.213414
0.213413,0.213413
0.213409,0.213409
0.213409,0.213409
0.213407,0.213407
0.213407,0.213407
0.213405,0.213405
0.213405,0.213405
0.213399,0.213399
0.213396,0.213396
0.213395,0.213395
0.213393,0.213393
0.213392,0.213392
0.213391,0.213391
0.213389,0.213389
0.213386,0.213386
0.213384,0.213384
0.213383,0.213383
0.213382,0.213382
0.213378,0.213378
0.213377,0.213377
0.213376,0.213376
0.213375,0.213375
0.213375,0.213375
0.213375,0.213375
0.213374,0.213374
0.213373,0.213373
0.213371,0.213371
0.21337,0.21337
0.213367,0.213367
0.213366,0.213366
0.213364,0.213364
0.213363,0.213363
0.213362,0.213362
0.213361,0.213361
0.213355,0.213355
0.213354,0.213354
0.213354,0.213354
0.21335,0.21335
0.21335,0.21335
0.213349,0.213349
0.213347,0.213347
0.213347,0.213347
0.213344,0.213344
0.213343,0.213343
0.213341,0.213341
0.213339,0.213339
0.213339,0.213339
0.213337,0.213337
0.213334,0.213334
0.213334,0.213334
0.213333,0.213333
0.213332,0.213332
0.213332,0.213332
0.213331,0.213331
0.213331,0.213331
0.213329,0.213329
0.213328,0.213328
0.213325,0.213325
0.213322,0.213322
0.213321,0.213321
0.213319,0.213319
0.213317,0.213317
0.213316,0.213316
0.213316,0.213316
0.213315,0.213315
0.213314,0.213314
0.213313,0.213313
0.213312,0.213312
0.213308,0.213308
0.213308,0.213308
0.213307,0.213307
0.213305,0.213305
0.213304,0.213304
0.213304,0.213304
0.213301,0.213301
0.2133,0.2133
0.213297,0.213297
0.213295,0.213295
0.213295,0.213295
0.213293,0.213293
0.213292,0.213292
0.21329,0.21329
0.21329,0.21329
0.213287,0.213287
0.213287,0.213287
0.213286,0.213286
0.213283,0.213283
0.213281,0.213281
0.213279,0.213279
0.213278,0.213278
0.213278,0.213278
0.213276,0.213276
0.213276,0.213276
0.213275,0.213275
0.213275,0.213275
0.213273,0.213273
0.21327,0.21327
0.213269,0.213269
0.213269,0.213269
0.213267,0.213267
0.213265,0.213265
0.213261,0.213261
0.21326,0.21326
0.21326,0.21326
0.21326,0.21326
0.21325,0.21325
0.213249,0.213249
0.213248,0.213248
0.213246,0.213246
0.213244,0.213244
0.213241,0.213241
0.21324,0.21324
0.21324,0.21324
0.213239,0.213239
0.213237,0.213237
0.213237,0.213237
0.213235,0.213235
0.213235,0.213235
0.213231,0.213231
0.21323,0.21323
0.21323,0.21323
0.213229,0.213229
0.213229,0.213229
0.213227,0.213227
0.213226,0.213226
0.213223,0.213223
0.213222,0.213222
0.21322,0.21322
0.21322,0.21322
0.213219,0.213219
0.213218,0.213218
0.213216,0.213216
0.213215,0.213215
0.213215,0.213215
0.213209,0.213209
0.213209,0.213209
0.213207,0.213207
0.213205,0.213205
0.213202,0.213202
0.2132,0.2132
0.2132,0.2132
0.213199,0.213199
0.213198,0.213198
0.213195,0.213195
0.213193,0.213193
0.213192,0.213192
0.213192,0.213192
0.213189,0.213189
0.213189,0.213189
0.213188,0.213188
0.213188,0.213188
0.213188,0.213188
0.213185,0.213185
0.213185,0.213185
0.213185,0.213185
0.213185,0.213185
0.213184,0.213184
0.213184,0.213184
0.213183,0.213183
0.213182,0.213182
0.213181,0.213181
0.21318,0.21318
0.213179,0.213179
0.213177,0.213177
0.213175,0.213175
0.213169,0.213169
0.213167,0.213167
0.213167,0.213167
0.213166,0.213166
0.213166,0.213166
0.213165,0.213165
0.213164,0.213164
0.213164,0.213164
0.213163,0.213163
0.213163,0.213163
0.213162,0.213162
0.213159,0.213159
0.213158,0.213158
0.213157,0.213157
0.213157,0.213157
0.213153,0.213153
0.213152,0.213152
0.213151,0.213151
0.21315,0.21315
0.213149,0.213149
0.213145,0.213145
0.213144,0.213144
0.213143,0.213143
0.213141,0.213141
0.21314,0.21314
0.213136,0.213136
0.213136,0.213136
0.213135,0.213135
0.213135,0.213135
0.213134,0.213134
0.213132,0.213132
0.213129,0.213129
0.213128,0.213128
0.213126,0.213126
0.213125,0.213125
0.213125,0.213125
0.213123,0.213123
0.21312,0.21312
0.213119,0.213119
0.213118,0.213118
0.213117,0.213117
0.213116,0.213116
0.213115,0.213115
0.213113,0.213113
0.213113,0.213113
0.21311,0.21311
0.213109,0.213109
0.213108,0.213108
0.213104,0.213104
0.213103,0.213103
0.213103,0.213103
0.213098,0.213098
0.213097,0.213097
0.213094,0.213094
0.213093,0.213093
0.213092,0.213092
0.213092,0.213092
0.21309,0.21309
0.213089,0.213089
0.213089,0.213089
0.213089,0.213089
0.213088,0.213088
0.213084,0.213084
0.213081,0.213081
0.213079,0.213079
0.213072,0.213072
0.213072,0.213072
0.21307,0.21307
0.21307,0.21307
0.213069,0.213069
0.213068,0.213068
0.213067,0.213067
0.213067,0.213067
0.213067,0.213067
0.213063,0.213063
0.213057,0.213057
0.213055,0.213055
0.213054,0.213054
0.213054,0.213054
0.213053,0.213053
0.213052,0.213052
0.213052,0.213052
0.213051,0.213051
0.213049,0.213049
0.213048,0.213048
0.213045,0.213045
0.213045,0.213045
0.213043,0.213043
0.213041,0.213041
0.213036,0.213036
0.213036,0.213036
0.213034,0.213034
0.213033,0.213033
0.213032,0.213032
0.213032,0.213032
0.213032,0.213032
0.213031,0.213031
0.213031,0.213031
0.213031,0.213031
0.213029,0.213029
0.213029,0.213029
0.213028,0.213028
0.213028,0.213028
0.213025,0.213025
0.213023,0.213023
0.213022,0.213022
0.213021,0.213021
0.213021,0.213021
0.21302,0.21302
0.21302,0.21302
0.21302,0.21302
0.213017,0.213017
0.213016,0.213016
0.213015,0.213015
0.213014,0.213014
0.213014,0.213014
0.213014,0.213014
0.213012,0.213012
0.213009,0.213009
0.213006,0.213006
0.213006,0.213006
0.213005,0.213005
0.213004,0.213004
0.213003,0.213003
0.213003,0.213003
0.213003,0.213003
0.213002,0.213002
0.212999,0.212999
0.212997,0.212997
0.212995,0.212995
0.212991,0.212991
0.212989,0.212989
0.212987,0.212987
0.212985,0.212985
0.212981,0.212981
0.212981,0.212981
0.21298,0.21298
0.21298,0.21298
0.212979,0.212979
0.212978,0.212978
0.212978,0.212978
0.212978,0.212978
0.212975,0.212975
0.212975,0.212975
0.212974,0.212974
0.212971,0.212971
0.212971,0.212971
0.212971,0.212971
0.212969,0.212969
0.212968,0.212968
0.212967,0.212967
0.212965,0.212965
0.212961,0.212961
0.212959,0.212959
0.212959,0.212959
0.212958,0.212958
0.212955,0.212955
0.212955,0.212955
0.212955,0.212955
0.212954,0.212954
0.212953,0.212953
0.212953,0.212953
0.212951,0.212951
0.212951,0.212951
0.21295,0.21295
0.212949,0.212949
0.212948,0.212948
0.212947,0.212947
0.212947,0.212947
0.212947,0.212947
0.21294,0.21294
0.21294,0.21294
0.212936,0.212936
0.212936,0.212936
0.212934,0.212934
0.212928,0.212928
0.212928,0.212928
0.212927,0.212927
0.212918,0.212918
0.212918,0.212918
0.212917,0.212917
0.212917,0.212917
0.212914,0.212914
0.212914,0.212914
0.21291,0.21291
0.212909,0.212909
0.212908,0.212908
0.212907,0.212907
0.212906,0.212906
0.212905,0.212905
0.212903,0.212903
0.212903,0.212903
0.212902,0.212902
0.212901,0.212901
0.2129,0.2129
0.212894,0.212894
0.212893,0.212893
0.212893,0.212893
0.212888,0.212888
0.212887,0.212887
0.212881,0.212881
0.212881,0.212881
0.212881,0.212881
0.21288,0.21288
0.212877,0.212877
0.212874,0.212874
0.212872,0.212872
0.212871,0.212871
0.212871,0.212871
0.212871,0.212871
0.21287,0.21287
0.21287,0.21287
0.212866,0.212866
0.212865,0.212865
0.212864,0.212864
0.212863,0.212863
0.212863,0.212863
0.212862,0.212862
0.212861,0.212861
0.212861,0.212861
0.21286,0.21286
0.212859,0.212859
0.212859,0.212859
0.212858,0.212858
0.212856,0.212856
0.212851,0.212851
0.21285,0.21285
0.21285,0.21285
0.212848,0.212848
0.212845,0.212845
0.212845,0.212845
0.212843,0.212843
0.212842,0.212842
0.212841,0.212841
0.21284,0.21284
0.212838,0.212838
0.212834,0.212834
0.212833,0.212833
0.212831,0.212831
0.21283,0.21283
0.21283,0.21283
0.212828,0.212828
0.212827,0.212827
0.212824,0.212824
0.212819,0.212819
0.212816,0.212816
0.212816,0.212816
0.212814,0.212814
0.212812,0.212812
0.212812,0.212812
0.212804,0.212804
0.212803,0.212803
0.212795,0.212795
0.212793,0.212793
0.21279,0.21279
0.21279,0.21279
0.21279,0.21279
0.212788,0.212788
0.212788,0.212788
0.212785,0.212785
0.212785,0.212785
0.212783,0.212783
0.212778,0.212778
0.212775,0.212775
0.212774,0.212774
0.212773,0.212773
0.212773,0.212773
0.212771,0.212771
0.212771,0.212771
0.21277,0.21277
0.21277,0.21277
0.212768,0.212768
0.212768,0.212768
0.212766,0.212766
0.212765,0.212765
0.212764,0.212764
0.212762,0.212762
0.21276,0.21276
0.212759,0.212759
0.212758,0.212758
0.212758,0.212758
0.212755,0.212755
0.212754,0.212754
0.212754,0.212754
0.212754,0.212754
0.212748,0.212748
0.212748,0.212748
0.212747,0.212747
0.212745,0.212745
0.212744,0.212744
0.212744,0.212744
0.212744,0.212744
0.212741,0.212741
0.212739,0.212739
0.212737,0.212737
0.212737,0.212737
0.212735,0.212735
0.212735,0.212735
0.212733,0.212733
0.212731,0.212731
0.212727,0.212727
0.212727,0.212727
0.212726,0.212726
0.212726,0.212726
0.212723,0.212723
0.212721,0.212721
0.212719,0.212719
0.212719,0.212719
0.212718,0.212718
0.212713,0.212713
0.212712,0.212712
0.212711,0.212711
0.212708,0.212708
0.212706,0.212706
0.212706,0.212706
0.212706,0.212706
0.212704,0.212704
0.212703,0.212703
0.212702,0.212702
0.2127,0.2127
0.2127,0.2127
0.212699,0.212699
0.212697,0.212697
0.212696,0.212696
0.212695,0.212695
0.212694,0.212694
0.21269,0.21269
0.212689,0.212689
0.212688,0.212688
0.212688,0.212688
0.212688,0.212688
0.212686,0.212686
0.212683,0.212683
0.21268,0.21268
0.212679,0.212679
0.212676,0.212676
0.212676,0.209556
0.212676,0.212676
0.212676,0.212676
0.212675,0.212675
0.212672,0.212672
0.212667,0.212667
0.212667,0.212667
0.212664,0.212664
0.212664,0.212664
0.212663,0.212663
0.212663,0.212663
0.212663,0.212663
0.212662,0.212662
0.212662,0.212662
0.212659,0.212659
0.212658,0.212658
0.212657,0.212657
0.212657,0.212657
0.212657,0.212657
0.212657,0.212657
0.212654,0.212654
0.21265,0.21265
0.21265,0.21265
0.21265,0.21265
0.212647,0.212647
0.212645,0.212645
0.212645,0.212645
0.212638,0.212638
0.212638,0.212638
0.212636,0.212636
0.212633,0.212633
0.212632,0.212632
0.212629,0.212629
0.212628,0.212628
0.212627,0.212627
0.212627,0.212627
0.212627,0.212627
0.212622,0.212622
0.212619,0.212619
0.212618,0.212618
0.212615,0.212615
0.212614,0.212614
0.212611,0.212611
0.21261,0.21261
0.212608,0.212608
0.212608,0.212608
0.212606,0.212606
0.212606,0.212606
0.212605,0.212605
0.212604,0.212604
0.212603,0.212603
0.212602,0.212602
0.212601,0.212601
0.2126,0.2126
0.212596,0.212596
0.212595,0.212595
0.212594,0.212594
0.212593,0.212593
0.212593,0.212593
0.212593,0.212593
0.212593,0.212593
0.21259,0.21259
0.212589,0.212589
0.212588,0.212588
0.212582,0.212582
0.212579,0.212579
0.212579,0.212579
0.212577,0.212577
0.212576,0.212576
0.212576,0.212576
0.212576,0.212576
0.212575,0.212575
0.212574,0.212574
0.212573,0.212573
0.212573,0.212573
0.212572,0.212572
0.212571,0.212571
0.212571,0.212571
0.212567,0.212567
0.212567,0.212567
0.212566,0.212566
0.212564,0.212564
0.212564,0.212564
0.212564,0.212564
0.212563,0.212563
0.212563,0.212563
0.212563,0.212563
0.212562,0.212562
0.212561,0.212561
0.212557,0.212557
0.212557,0.212557
0.212556,0.212556
0.212555,0.212555
0.212554,0.212554
0.212554,0.212554
0.212553,0.212553
0.212553,0.212553
0.212553,0.212553
0.212552,0.212552
0.212548,0.212548
0.212546,0.212546
0.212546,0.212546
0.212541,0.212541
0.21254,0.21254
0.212536,0.212536
0.212536,0.212536
0.212533,0.212533
0.212532,0.212532
0.21253,0.21253
0.21253,0.21253
0.212529,0.212529
0.212528,0.212528
0.212528,0.212528
0.212527,0.212527
0.212525,0.212525
0.212523,0.212523
0.212523,0.212523
0.212523,0.212523
0.212523,0.212523
0.212523,0.212523
0.21252,0.21252
0.212516,0.212516
0.212514,0.212514
0.212514,0.212514
0.212513,0.212513
0.212513,0.212513
0.212512,0.212512
0.212511,0.212511
0.21251,0.21251
0.212508,0.212508
0.212508,0.212508
0.212506,0.212506
0.212505,0.212505
0.212505,0.212505
0.212504,0.212504
0.212503,0.212503
0.212502,0.212502
0.212501,0.212368
0.212501,0.212501
0.212493,0.212493
0.212493,0.212493
0.212493,0.212493
0.212493,0.212493
0.212492,0.212492
0.212491,0.212491
0.212491,0.212491
0.212491,0.212491
0.21249,0.21249
0.212489,0.212489
0.212488,0.212488
0.212486,0.212486
0.212485,0.212485
0.212484,0.212484
0.212476,0.212476
0.212476,0.212476
0.212475,0.212475
0.212474,0.212474
0.212473,0.212473
0.212472,0.212472
0.212471,0.212471
0.212471,0.212471
0.212469,0.210353
0.212469,0.212469
0.212468,0.212468
0.212465,0.212465
0.212464,0.212464
0.212462,0.212462
0.212462,0.212462
0.212459,0.212459
0.212458,0.212458
0.212456,0.212456
0.212454,0.212454
0.212452,0.212452
0.212452,0.212452
0.212451,0.212451
0.21245,0.21245
0.212449,0.212449
0.212446,0.212446
0.212443,0.212443
0.212443,0.212443
0.212439,0.212439
0.212437,0.212437
0.212437,0.212437
0.212437,0.212437
0.212433,0.212433
0.212433,0.212433
0.21243,0.21243
0.212428,0.212428
0.212427,0.212427
0.212427,0.212427
0.212427,0.212427
0.212425,0.212425
0.212425,0.212425
0.212425,0.212425
0.212424,0.212424
0.212422,0.212422
0.212419,0.212419
0.212419,0.212419
0.212418,0.212418
0.212414,0.212414
0.212413,0.212413
0.212413,0.212413
0.212411,0.212411
0.212411,0.212411
0.212411,0.212411
0.212409,0.212372
0.212409,0.212409
0.212408,0.212408
0.212408,0.212408
0.212407,0.212407
0.212405,0.212405
0.212404,0.212404
0.212402,0.212402
0.212401,0.212401
0.2124,0.2124
0.212399,0.212399
0.212398,0.212398
0.212397,0.212397
0.212397,0.212397
0.212396,0.212396
0.212393,0.212393
0.212392,0.212392
0.212391,0.212391
0.212391,0.212391
0.212391,0.212391
0.21239,0.21239
0.21239,0.21239
0.212389,0.212389
0.212388,0.212388
0.212387,0.212387
0.212387,0.212387
0.212386,0.212386
0.212385,0.212385
0.212384,0.212384
0.212384,0.212384
0.212383,0.212383
0.212383,0.212383
0.212383,0.212383
0.212382,0.212382
0.212382,0.212382
0.212381,0.212381
0.212377,0.212377
0.212377,0.212377
0.212376,0.212376
0.212376,0.212376
0.212373,0.212373
0.212369,0.212369
0.212367,0.212367
0.212367,0.212367
0.212365,0.212365
0.212364,0.212364
0.212362,0.212362
0.212362,0.212362
0.212361,0.212361
0.212359,0.212359
0.212358,0.212358
0.212354,0.212354
0.212354,0.212354
0.212351,0.212351
0.212349,0.212349
0.212349,0.212349
0.212348,0.212348
0.212347,0.212347
0.212347,0.212347
0.212346,0.212346
0.212344,0.212344
0.212344,0.212344
0.212344,0.212344
0.212341,0.212341
0.212341,0.212341
0.212335,0.212335
0.212333,0.212333
0.212333,0.212333
0.212332,0.212332
0.21233,0.21233
0.212329,0.212329
0.212326,0.212326
0.212325,0.212325
0.21232,0.21232
0.212318,0.212318
0.212318,0.212318
0.212317,0.212317
0.212316,0.212316
0.212315,0.212315
0.212314,0.212314
0.212314,0.212314
0.212313,0.212313
0.212313,0.212313
0.212312,0.212312
0.212309,0.212309
0.212308,0.212308
0.212308,0.212308
0.212308,0.212308
0.212307,0.212307
0.212307,0.212307
0.212306,0.212306
0.212306,0.212306
0.212306,0.212306
0.212306,0.212306
0.212305,0.212305
0.212305,0.212305
0.212302,0.212302
0.212301,0.212301
0.212301,0.212301
0.2123,0.2123
0.2123,0.2123
0.212299,0.212299
0.212298,0.212298
0.212298,0.212298
0.212297,0.212297
0.212295,0.212295
0.212294,0.212294
0.212294,0.212294
0.212292,0.212292
0.212288,0.212288
0.212287,0.212287
0.212285,0.212285
0.212285,0.212285
0.212285,0.212285
0.212284,0.212284
0.212283,0.212283
0.21228,0.21228
0.212279,0.212279
0.212273,0.212273
0.212273,0.212273
0.212272,0.212272
0.212269,0.212269
0.212268,0.212268
0.212267,0.212267
0.212265,0.2105
0.212265,0.212265
0.212264,0.212264
0.212261,0.212261
0.212259,0.212259
0.212259,0.212259
0.212258,0.212258
0.212257,0.212257
0.212255,0.212255
0.212254,0.212254
0.212252,0.212252
0.212252,0.212252
0.212251,0.212251
0.21225,0.21225
0.212248,0.212248
0.212247,0.212247
0.212246,0.212246
0.212246,0.212246
0.212244,0.212244
0.212241,0.212241
0.21224,0.21224
0.21224,0.21224
0.212239,0.212239
0.212238,0.212238
0.212237,0.212237
0.212235,0.212235
0.212235,0.212235
0.212233,0.212233
0.212233,0.212233
0.21223,0.21223
0.212229,0.212229
0.212229,0.212229
0.212228,0.212228
0.212228,0.212228
0.212228,0.212228
0.212228,0.212228
0.212225,0.212225
0.212224,0.212224
0.212217,0.212217
0.212215,0.212215
0.212213,0.212213
0.212211,0.209466
0.212211,0.212211
0.212209,0.212209
0.212204,0.212204
0.212204,0.212204
0.212204,0.212204
0.212204,0.212204
0.212203,0.212203
0.212202,0.212202
0.212199,0.212199
0.212197,0.212197
0.212197,0.212197
0.212196,0.212196
0.212196,0.212196
0.212196,0.212196
0.212193,0.212193
0.212191,0.212191
0.212191,0.212191
0.21219,0.21219
0.212188,0.212188
0.212184,0.212184
0.212182,0.212182
0.212182,0.212182
0.212181,0.212181
0.212179,0.212179
0.212179,0.212179
0.212178,0.212178
0.212176,0.212176
0.212173,0.212173
0.212173,0.212173
0.212172,0.212172
0.212172,0.212172
0.212166,0.212166
0.212164,0.212164
0.212163,0.212163
0.212161,0.211825
0.212161,0.212161
0.21216,0.21216
0.21216,0.21216
0.212159,0.212159
0.212158,0.212158
0.212158,0.212158
0.212156,0.212156
0.212153,0.212153
0.212151,0.212151
0.212149,0.212149
0.212146,0.212146
0.212145,0.212145
0.212143,0.212143
0.212143,0.212143
0.212142,0.212142
0.21214,0.21214
0.212139,0.212139
0.212139,0.212139
0.212139,0.212139
0.212138,0.212138
0.212137,0.212137
0.212136,0.212136
0.212133,0.212133
0.212131,0.212131
0.212131,0.212131
0.212128,0.212128
0.212127,0.212127
0.212126,0.212126
0.212125,0.212125
0.212125,0.212125
0.212125,0.212125
0.212125,0.212125
0.21212,0.21212
0.212116,0.212116
0.212115,0.212115
0.212113,0.212113
0.212112,0.212112
0.212112,0.212112
0.212111,0.212111
0.212111,0.212111
0.212109,0.212109
0.212108,0.212108
0.212106,0.212106
0.212105,0.212105
0.212105,0.212105
0.212103,0.212103
0.212101,0.212101
0.2121,0.2121
0.212099,0.212099
0.212096,0.212096
0.212095,0.212095
0.212088,0.212088
0.212087,0.212087
0.212085,0.212085
0.21208,0.21208
0.212079,0.212079
0.212079,0.212079
0.212078,0.212078
0.212077,0.212077
0.212076,0.212076
0.212075,0.212075
0.212074,0.212074
0.212072,0.212072
0.212071,0.212071
0.212069,0.212069
0.212066,0.212066
0.212065,0.212065
0.212062,0.212062
0.212061,0.212061
0.21206,0.21206
0.212059,0.212059
0.212057,0.212057
0.212053,0.212053
0.212053,0.212053
0.212049,0.212049
0.212049,0.212049
0.212045,0.212045
0.212044,0.212044
0.212041,0.212041
0.21204,0.21204
0.212039,0.212039
0.212039,0.212039
0.212038,0.212038
0.212037,0.212037
0.212032,0.211785
0.212032,0.212032
0.21203,0.21203
0.212027,0.212027
0.212026,0.212026
0.212025,0.212025
0.212024,0.212024
0.212023,0.212023
0.212023,0.212023
0.212023,0.212023
0.212022,0.212022
0.212021,0.212021
0.212017,0.212017
0.212017,0.212017
0.212017,0.212017
0.212015,0.212015
0.212013,0.212013
0.212012,0.212012
0.212012,0.212012
0.212009,0.212009
0.212009,0.212009
0.212007,0.212007
0.212004,0.212004
0.212001,0.212001
0.211998,0.211998
0.211997,0.211997
0.211996,0.211996
0.211996,0.211996
0.211995,0.211995
0.211995,0.211995
0.211992,0.211992
0.211992,0.211992
0.211991,0.211991
0.211989,0.211989
0.211987,0.211987
0.211986,0.211986
0.211985,0.211985
0.211983,0.211983
0.211983,0.211983
0.211982,0.211982
0.211978,0.211978
0.211975,0.211975
0.211974,0.211974
0.211972,0.211972
0.211971,0.211971
0.21197,0.21197
0.211966,0.211966
0.211966,0.211966
0.211965,0.211965
0.211963,0.211963
0.211962,0.211962
0.211962,0.211962
0.211962,0.211962
0.21196,0.21196
0.21196,0.21196
0.211959,0.211959
0.211958,0.211958
0.211956,0.211956
0.211953,0.211953
0.211952,0.211952
0.211951,0.211951
0.211948,0.211948
0.211943,0.211943
0.211943,0.211943
0.21194,0.21194
0.211938,0.211938
0.211937,0.211937
0.211935,0.211935
0.211934,0.211934
0.211934,0.211934
0.211929,0.211929
0.211929,0.211929
0.211929,0.211929
0.211928,0.211928
0.211927,0.211927
0.211927,0.211927
0.211926,0.211926
0.211923,0.211923
0.21192,0.21192
0.21192,0.21192
0.211919,0.211919
0.211918,0.211918
0.211915,0.211915
0.211915,0.211915
0.211911,0.211911
0.211908,0.211908
0.211907,0.211907
0.211905,0.211905
0.211904,0.211904
0.211903,0.211903
0.211903,0.211903
0.211898,0.211898
0.211897,0.211897
0.211896,0.211896
0.211895,0.211895
0.211895,0.211895
0.211894,0.211894
0.211894,0.211894
0.211894,0.211894
0.211891,0.211431
0.211891,0.211891
0.21189,0.21189
0.21189,0.21189
0.21189,0.21189
0.211889,0.211889
0.211888,0.211888
0.211888,0.211888
0.211888,0.211888
0.211888,0.211888
0.211886,0.211886
0.211883,0.211883
0.211882,0.211882
0.211879,0.211879
0.211878,0.211878
0.211878,0.211878
0.211878,0.211878
0.211878,0.211878
0.211876,0.211876
0.211872,0.211872
0.21187,0.21187
0.211869,0.211869
0.211866,0.211866
0.211865,0.211865
0.211864,0.211864
0.211863,0.211863
0.211862,0.211862
0.211862,0.211862
0.211861,0.211861
0.211859,0.211859
0.211856,0.211856
0.211855,0.211855
0.211851,0.211851
0.21185,0.21185
0.211849,0.211849
0.211847,0.211847
0.211845,0.211845
0.211843,0.211843
0.211839,0.211839
0.211836,0.211836
0.211836,0.211836
0.211835,0.211835
0.211835,0.211835
0.211833,0.211833
0.211831,0.211831
0.21183,0.21183
0.211829,0.211829
0.211829,0.211829
0.211829,0.211829
0.211826,0.211826
0.211825,0.211825
0.211825,0.211825
0.211825,0.211825
0.211822,0.211822
0.211821,0.211821
0.211814,0.211814
0.211812,0.211812
0.211812,0.211812
0.211812,0.211812
0.211811,0.211811
0.211808,0.211808
0.211808,0.211808
0.211806,0.211806
0.211805,0.211805
0.211804,0.211804
0.211803,0.211803
0.211801,0.211801
0.2118,0.2118
0.211799,0.211799
0.211799,0.211799
0.211799,0.211799
0.211797,0.211797
0.211797,0.211797
0.211796,0.208914
0.211796,0.211796
0.211796,0.211796
0.211795,0.211795
0.211794,0.211794
0.211792,0.211792
0.211792,0.211792
0.21179,0.21179
0.211785,0.211785
0.211782,0.211782
0.211781,0.211781
0.211779,0.211779
0.211778,0.211778
0.211778,0.211778
0.211778,0.211778
0.211776,0.211776
0.211776,0.211776
0.211774,0.211774
0.211773,0.211773
0.211772,0.211772
0.211767,0.211767
0.211767,0.211767
0.211767,0.211767
0.211766,0.211766
0.211766,0.211766
0.211766,0.211766
0.211765,0.211765
0.21176,0.21176
0.21176,0.21176
0.21176,0.21176
0.211759,0.211759
0.211758,0.211758
0.211758,0.211758
0.211758,0.211758
0.211757,0.211757
0.211755,0.211755
0.211755,0.211755
0.211752,0.211752
0.211747,0.211747
0.211747,0.211747
0.211747,0.211747
0.211747,0.211747
0.21174,0.21174
0.211739,0.211739
0.211739,0.211739
0.211738,0.211738
0.211735,0.211735
0.211735,0.211735
0.211734,0.211734
0.211734,0.211734
0.211732,0.211732
0.211731,0.211731
0.211731,0.211731
0.211731,0.211731
0.211729,0.211729
0.211728,0.211728
0.211727,0.211727
0.211727,0.211727
0.211726,0.211726
0.211726,0.211726
0.211721,0.211721
0.21172,0.21172
0.211719,0.211719
0.211719,0.211719
0.211718,0.211718
0.211717,0.211717
0.211716,0.211716
0.211712,0.211712
0.211711,0.211711
0.211708,0.211708
0.211705,0.211705
0.211704,0.211704
0.211702,0.211702
0.211702,0.211702
0.211701,0.211701
0.211701,0.211701
0.2117,0.2117
0.211699,0.211699
0.211698,0.211698
0.211698,0.211698
0.211696,0.211696
0.211695,0.211695
0.211694,0.211694
0.211691,0.211691
0.211691,0.211691
0.211691,0.211691
0.211691,0.211691
0.211688,0.211688
0.211688,0.211688
0.211683,0.211683
0.211683,0.211683
0.211683,0.211683
0.211681,0.211681
0.211678,0.211678
0.211676,0.211676
0.211675,0.211675
0.211675,0.211675
0.211674,0.211674
0.21167,0.21167
0.21167,0.21167
0.211668,0.211668
0.211668,0.211668
0.211664,0.211664
0.211661,0.211661
0.211657,0.211657
0.211656,0.211656
0.211655,0.211655
0.211655,0.211655
0.211654,0.211654
0.211653,0.211653
0.211653,0.211653
0.211652,0.211652
0.211651,0.211651
0.21165,0.21165
0.211649,0.211649
0.211644,0.211644
0.211644,0.211644
0.211644,0.211644
0.211642,0.211642
0.211641,0.211641
0.211638,0.211638
0.211637,0.211637
0.211637,0.211637
0.211635,0.211635
0.211634,0.211634
0.211633,0.211633
0.211631,0.211631
0.211631,0.211631
0.211629,0.211629
0.211628,0.211628
0.211628,0.211628
0.211627,0.211627
0.211627,0.211627
0.211626,0.211626
0.211623,0.211623
0.211622,0.211622
0.211622,0.211622
0.211621,0.211621
0.211619,0.211619
0.211618,0.211618
0.211618,0.211618
0.211617,0.211617
0.211617,0.211617
0.211615,0.211615
0.211615,0.211615
0.211611,0.211611
0.21161,0.21161
0.211608,0.211608
0.211608,0.211608
0.211607,0.211607
0.211606,0.211606
0.211606,0.211606
0.211605,0.211605
0.211604,0.211604
0.211602,0.211602
0.211602,0.211602
0.211598,0.211598
0.211598,0.211598
0.211598,0.211598
0.211598,0.211598
0.211597,0.211597
0.211597,0.211597
0.211593,0.211593
0.211591,0.211591
0.21159,0.21159
0.211589,0.211589
0.211587,0.211587
0.211585,0.211585
0.211584,0.211584
0.211581,0.211581
0.211579,0.211579
0.211578,0.211578
0.211578,0.211578
0.211576,0.211576
0.211573,0.211573
0.211571,0.211571
0.21157,0.21157
0.211569,0.211569
0.211565,0.211565
0.211565,0.211565
0.211562,0.211562
0.211562,0.211562
0.211562,0.211562
0.211558,0.211558
0.211557,0.211557
0.211557,0.211557
0.211556,0.211556
0.211553,0.211553
0.211552,0.211552
0.211551,0.211551
0.21155,0.21155
0.211549,0.211549
0.211548,0.211548
0.211547,0.211547
0.211546,0.211546
0.211546,0.211546
0.211546,0.211546
0.211545,0.211545
0.211543,0.211543
0.211542,0.211542
0.211542,0.211542
0.211541,0.211541
0.211541,0.211541
0.21154,0.21154
0.211539,0.211539
0.211538,0.211538
0.211536,0.211536
0.211536,0.211536
0.211535,0.211535
0.211535,0.211535
0.211531,0.211531
0.21153,0.21153
0.211529,0.211529
0.211527,0.211527
0.211527,0.211527
0.211525,0.211525
0.211525,0.211525
0.211524,0.211524
0.21152,0.21152
0.211519,0.211519
0.211519,0.211519
0.211519,0.211519
0.211517,0.211517
0.211516,0.211516
0.211514,0.211514
0.211508,0.211508
0.211508,0.211508
0.211508,0.211508
0.211507,0.211507
0.211506,0.211506
0.211506,0.211506
0.211505,0.211505
0.211504,0.211504
0.211501,0.211501
0.211501,0.211501
0.211501,0.211501
0.211499,0.211499
0.211499,0.211499
0.211499,0.211499
0.211499,0.211499
0.211498,0.211498
0.211496,0.211496
0.211494,0.211494
0.211491,0.211491
0.211489,0.211489
0.211489,0.211489
0.211489,0.211489
0.211487,0.211487
0.211486,0.211486
0.211485,0.211485
0.211485,0.209881
0.211485,0.211485
0.211483,0.211483
0.211481,0.211481
0.211481,0.211481
0.21148,0.21148
0.21148,0.21148
0.211479,0.211479
0.211478,0.211478
0.211473,0.211473
0.211472,0.211472
0.211469,0.211469
0.211468,0.211468
0.211466,0.211466
0.211464,0.211464
0.211464,0.211464
0.211464,0.211464
0.211462,0.211462
0.211461,0.211461
0.21146,0.21146
0.21146,0.21146
0.211456,0.211456
0.211455,0.211455
0.211454,0.211454
0.211454,0.211454
0.211453,0.211453
0.21145,0.21145
0.211449,0.211449
0.211449,0.211449
0.211447,0.211447
0.211446,0.211446
0.211446,0.211446
0.211445,0.211445
0.211442,0.211442
0.211442,0.211442
0.21144,0.21144
0.211436,0.211436
0.211436,0.211436
0.211436,0.211436
0.211433,0.211433
0.21143,0.21143
0.211429,0.211429
0.211428,0.211428
0.211428,0.211428
0.211427,0.211427
0.211426,0.211426
0.211423,0.211423
0.211423,0.211423
0.211422,0.211422
0.211421,0.211421
0.211421,0.211421
0.211416,0.211416
0.211413,0.211413
0.211413,0.211413
0.211412,0.211412
0.21141,0.21141
0.21141,0.21141
0.211409,0.211409
0.211409,0.211409
0.211408,0.211408
0.211408,0.211408
0.211407,0.211407
0.211407,0.211407
0.211406,0.211406
0.211405,0.211405
0.211404,0.211404
0.211404,0.211404
0.211402,0.211402
0.211402,0.211402
0.211399,0.211399
0.211398,0.211398
0.211397,0.211397
0.211396,0.211396
0.211396,0.211396
0.211394,0.211394
0.211394,0.211394
0.211391,0.211391
0.21139,0.21139
0.21139,0.21139
0.211389,0.211389
0.211388,0.211388
0.211385,0.211385
0.211385,0.211385
0.211384,0.211384
0.211384,0.211384
0.211384,0.211384
0.211378,0.211378
0.211377,0.211377
0.211374,0.211374
0.211373,0.211373
0.211373,0.211373
0.21137,0.21137
0.21137,0.21137
0.211369,0.211369
0.211368,0.211368
0.211364,0.211364
0.211362,0.211362
0.211357,0.211357
0.211357,0.211357
0.211356,0.211356
0.211355,0.211355
0.211354,0.211354
0.211352,0.211352
0.211351,0.211351
0.21135,0.21135
0.211349,0.211349
0.211349,0.211349
0.211347,0.211347
0.211343,0.211343
0.21134,0.21134
0.21134,0.21134
0.211336,0.211336
0.211334,0.211334
0.211334,0.211334
0.211332,0.211332
0.211332,0.211332
0.211331,0.211331
0.211331,0.211331
0.211331,0.211331
0.211326,0.211326
0.211325,0.211325
0.211325,0.211325
0.211325,0.211325
0.211324,0.211324
0.211324,0.211324
0.211323,0.211323
0.211323,0.211323
0.211322,0.211322
0.21132,0.21132
0.21132,0.21132
0.211319,0.211319
0.211318,0.211318
0.211316,0.211316
0.211312,0.211312
0.21131,0.21131
0.211304,0.211304
0.211304,0.211304
0.211302,0.211302
0.211302,0.211302
0.211296,0.211296
0.211293,0.211293
0.21129,0.21129
0.211287,0.211287
0.211284,0.211284
0.211283,0.211283
0.211278,0.211278
0.211277,0.211277
0.211276,0.211276
0.211275,0.211275
0.211273,0.211273
0.211273,0.211273
0.211271,0.211271
0.211269,0.211269
0.211267,0.211267
0.211266,0.211266
0.211264,0.211264
0.211263,0.211263
0.211262,0.211262
0.21126,0.21126
0.211259,0.211259
0.211258,0.211258
0.211257,0.211257
0.211254,0.211254
0.211252,0.211252
0.211251,0.211251
0.211248,0.211248
0.211248,0.211248
0.211247,0.211247
0.211245,0.211245
0.211245,0.211245
0.211244,0.211244
0.211243,0.211243
0.211241,0.211241
0.21124,0.21124
0.21124,0.21124
0.21124,0.21124
0.211239,0.211239
0.211238,0.211238
0.211238,0.211238
0.211238,0.211238
0.211234,0.211234
0.211231,0.211231
0.211231,0.211231
0.211231,0.211231
0.211229,0.211229
0.211229,0.211229
0.211227,0.211227
0.211224,0.211224
0.211224,0.211224
0.211224,0.211224
0.211221,0.211221
0.21122,0.21122
0.211219,0.211219
0.211218,0.211218
0.211218,0.211218
0.211218,0.211218
0.211217,0.211217
0.211214,0.211214
0.211214,0.211214
0.211212,0.211212
0.211212,0.211212
0.211212,0.211212
0.21121,0.21121
0.21121,0.21121
0.21121,0.21121
0.211208,0.211208
0.211208,0.211208
0.211207,0.211207
0.211206,0.211206
0.211206,0.211206
0.211205,0.211205
0.211205,0.211205
0.211203,0.211203
0.211203,0.211203
0.211201,0.211201
0.2112,0.2112
0.211199,0.211199
0.211198,0.211198
0.211197,0.211197
0.211197,0.211197
0.211193,0.211193
0.21119,0.21119
0.211187,0.211187
0.211187,0.211187
0.211186,0.211186
0.211186,0.211186
0.211183,0.211183
0.211183,0.211183
0.211182,0.211182
0.21118,0.21118
0.211179,0.211179
0.211177,0.211177
0.211177,0.211177
0.211176,0.211176
0.211172,0.211172
0.211171,0.211171
0.211169,0.211169
0.211167,0.211167
0.211167,0.211167
0.211167,0.211167
0.211166,0.211166
0.211164,0.211164
0.211163,0.211163
0.211162,0.211162
0.211161,0.211161
0.211156,0.211156
0.211156,0.211156
0.211154,0.211154
0.211151,0.211151
0.211151,0.211151
0.211151,0.211151
0.21115,0.21115
0.21115,0.21115
0.211149,0.211149
0.211149,0.211149
0.211148,0.211148
0.211148,0.211148
0.211147,0.211147
0.211146,0.211146
0.211144,0.211144
0.211142,0.210761
0.211142,0.211142
0.211141,0.211141
0.21114,0.21114
0.211139,0.211139
0.211139,0.211139
0.211139,0.211139
0.211139,0.211139
0.211139,0.211139
0.211138,0.211138
0.211137,0.211137
0.211135,0.211135
0.211135,0.211135
0.211134,0.211134
0.211133,0.211133
0.211131,0.211131
0.211131,0.211131
0.21113,0.21113
0.211129,0.211129
0.211126,0.209588
0.211126,0.211126
0.211126,0.211126
0.211125,0.211125
0.211125,0.211125
0.211124,0.211124
0.211122,0.211122
0.211121,0.211121
0.211121,0.211121
0.21112,0.21112
0.21112,0.21112
0.211119,0.210911
0.211119,0.211119
0.211115,0.211115
0.211112,0.211112
0.211112,0.211112
0.211111,0.211111
0.21111,0.21111
0.211106,0.211106
0.211106,0.211106
0.211106,0.211106
0.211105,0.211105
0.211104,0.211104
0.211104,0.211104
0.211103,0.211103
0.211103,0.211103
0.211101,0.211101
0.211101,0.211101
0.211096,0.211096
0.211094,0.211094
0.211088,0.211088
0.211087,0.211087
0.211086,0.211086
0.211082,0.211082
0.211082,0.211082
0.211082,0.211082
0.211077,0.211077
0.211077,0.211077
0.211077,0.211077
0.211076,0.211076
0.211075,0.211075
0.211075,0.211075
0.211074,0.211074
0.211074,0.211074
0.211074,0.211074
0.211073,0.211073
0.211072,0.211072
0.211071,0.211071
0.21107,0.21107
0.211068,0.211068
0.211065,0.211065
0.211065,0.211065
0.211064,0.211064
0.211064,0.211064
0.211062,0.211062
0.211061,0.211061
0.211059,0.211059
0.211059,0.211059
0.211056,0.211056
0.211055,0.211055
0.211054,0.211054
0.211052,0.211052
0.21105,0.21105
0.21105,0.21105
0.21105,0.21105
0.21105,0.21105
0.211049,0.211049
0.211049,0.211049
0.211049,0.211049
0.211048,0.211048
0.211048,0.211048
0.211046,0.211046
0.211041,0.211041
0.21104,0.21104
0.211039,0.211039
0.211037,0.211037
0.211036,0.211036
0.211029,0.211029
0.211029,0.211029
0.211028,0.211028
0.211026,0.211026
0.211025,0.211025
0.211025,0.211025
0.211025,0.211025
0.211024,0.211024
0.211023,0.211023
0.211023,0.211023
0.211022,0.211022
0.21102,0.21102
0.211012,0.211012
0.211011,0.211011
0.21101,0.21101
0.211009,0.211009
0.211006,0.211006
0.211006,0.211006
0.211005,0.211005
0.211001,0.211001
0.210999,0.210999
0.210998,0.210998
0.210998,0.210998
0.210998,0.210998
0.210997,0.210997
0.210995,0.210995
0.210995,0.210995
0.210993,0.210993
0.210993,0.210993
0.210993,0.210993
0.21099,0.21099
0.210989,0.210989
0.210989,0.210989
0.210983,0.210983
0.21098,0.21098
0.210979,0.210979
0.210978,0.210978
0.210976,0.210976
0.210976,0.210976
0.210975,0.210975
0.210975,0.210975
0.210974,0.210974
0.210973,0.210973
0.210971,0.210971
0.210971,0.210971
0.21097,0.21097
0.210968,0.210968
0.210968,0.210968
0.210968,0.210968
0.210967,0.210967
0.210967,0.210967
0.210966,0.210966
0.210966,0.210966
0.210965,0.210965
0.210964,0.210964
0.210962,0.210962
0.210957,0.210957
0.210957,0.210957
0.210954,0.210954
0.210954,0.210954
0.210953,0.210953
0.210952,0.210952
0.210951,0.210951
0.210951,0.210951
0.210951,0.210951
0.21095,0.21095
0.210946,0.210946
0.210946,0.210946
0.210946,0.210946
0.210943,0.210943
0.210943,0.210943
0.210939,0.210939
0.210938,0.210938
0.210937,0.210937
0.210934,0.210934
0.210933,0.210933
0.210932,0.210932
0.210932,0.210932
0.210931,0.210931
0.21093,0.21093
0.21093,0.21093
0.210928,0.210928
0.210926,0.210926
0.210925,0.210925
0.210921,0.210921
0.21092,0.21092
0.210918,0.210918
0.210918,0.210918
0.210917,0.210917
0.210914,0.210914
0.210911,0.210911
0.21091,0.21091
0.210909,0.210909
0.210909,0.210909
0.210908,0.210908
0.210908,0.210908
0.210907,0.210907
0.210907,0.210907
0.210903,0.210903
0.210901,0.210901
0.210897,0.210897
0.210895,0.210895
0.210895,0.210895
0.210894,0.210894
0.210891,0.210891
0.210891,0.210891
0.210889,0.210889
0.210888,0.210888
0.210886,0.210886
0.210885,0.210885
0.210884,0.210884
0.210883,0.210883
0.210882,0.210882
0.21088,0.21088
0.210878,0.210878
0.210877,0.210877
0.210876,0.210876
0.210876,0.210876
0.21087,0.21087
0.210869,0.210869
0.210867,0.210867
0.210864,0.210864
0.210861,0.210861
0.210859,0.210859
0.210857,0.210857
0.210856,0.210856
0.210855,0.210855
0.210855,0.210855
0.210854,0.210854
0.210854,0.210854
0.210853,0.210853
0.210853,0.210853
0.21085,0.21085
0.210846,0.210846
0.210846,0.210846
0.210845,0.210845
0.210843,0.210843
0.210842,0.210317
0.210842,0.210842
0.21084,0.21084
0.21084,0.21084
0.210839,0.210839
0.210839,0.210839
0.210834,0.210834
0.210834,0.210834
0.210832,0.210832
0.210831,0.210831
0.21083,0.21083
0.21083,0.21083
0.210825,0.210825
0.210824,0.210824
0.210823,0.210823
0.21082,0.21082
0.210811,0.210811
0.210811,0.210811
0.210809,0.210809
0.210809,0.210809
0.210809,0.210809
0.210808,0.210808
0.210808,0.210808
0.210807,0.210807
0.210807,0.210807
0.210806,0.210806
0.210804,0.210804
0.210803,0.210803
0.210802,0.210802
0.210799,0.210799
0.210796,0.210796
0.210795,0.210795
0.210794,0.210794
0.210793,0.210793
0.210792,0.210792
0.210789,0.210789
0.210786,0.210786
0.210785,0.210785
0.210783,0.210783
0.210782,0.210782
0.210781,0.210781
0.21078,0.21078
0.210777,0.210777
0.210777,0.210777
0.210777,0.210777
0.210773,0.210773
0.210772,0.210772
0.21077,0.21077
0.210769,0.210769
0.210769,0.210769
0.210768,0.210768
0.210766,0.210766
0.210764,0.210764
0.210761,0.210761
0.21076,0.21076
0.210759,0.210759
0.210758,0.210758
0.210757,0.210757
0.210757,0.210757
0.210755,0.210755
0.210754,0.210754
0.210753,0.210753
0.210753,0.210753
0.210753,0.210753
0.21075,0.21075
0.210749,0.210749
0.210749,0.210749
0.210748,0.210748
0.210747,0.210747
0.210743,0.210743
0.21074,0.21074
0.21074,0.21074
0.21074,0.21074
0.21074,0.21074
0.210738,0.210738
0.210735,0.210735
0.210732,0.210732
0.21073,0.21073
0.210729,0.210729
0.210728,0.210728
0.210725,0.210725
0.210725,0.210725
0.210724,0.210724
0.210721,0.210721
0.210719,0.210719
0.210719,0.210719
0.210718,0.210718
0.210717,0.210717
0.210717,0.210717
0.210716,0.210716
0.210715,0.210715
0.210714,0.210714
0.210714,0.210714
0.210712,0.210712
0.21071,0.21071
0.21071,0.21071
0.21071,0.21071
0.210706,0.210706
0.210703,0.210703
0.210702,0.210702
0.210701,0.210701
0.2107,0.210575
0.2107,0.2107
0.210699,0.210699
0.210699,0.210699
0.210699,0.210699
0.210697,0.210697
0.210696,0.210696
0.210696,0.210696
0.210695,0.210458
0.210695,0.210695
0.210695,0.210695
0.210692,0.210692
0.210689,0.210689
0.210685,0.210685
0.210684,0.210684
0.210683,0.210683
0.210681,0.210681
0.21068,0.21068
0.210673,0.210673
0.210673,0.210673
0.210673,0.210673
0.210667,0.210667
0.210666,0.210666
0.210665,0.210665
0.210665,0.210665
0.210663,0.210663
0.210661,0.210661
0.21066,0.21066
0.210658,0.210658
0.210657,0.210657
0.210655,0.210655
0.210654,0.210654
0.210653,0.210653
0.210651,0.210651
0.210649,0.210649
0.210647,0.210647
0.210647,0.210647
0.210646,0.210646
0.210644,0.210644
0.210643,0.210643
0.210642,0.210642
0.210641,0.210641
0.210638,0.210638
0.210638,0.210638
0.210635,0.210635
0.210635,0.210635
0.210634,0.210634
0.210632,0.210632
0.210632,0.210632
0.210631,0.210631
0.21063,0.21063
0.210629,0.210629
0.210628,0.210628
0.210627,0.210627
0.210627,0.210627
0.210625,0.210625
0.210625,0.210625
0.210624,0.210624
0.210622,0.210622
0.210622,0.210622
0.210622,0.210622
0.210619,0.210619
0.210618,0.210618
0.210617,0.210617
0.210617,0.210617
0.210617,0.210617
0.210617,0.210617
0.210614,0.210614
0.210614,0.210614
0.210613,0.210613
0.210612,0.210612
0.210611,0.210611
0.210611,0.210611
0.210607,0.210607
0.210604,0.210604
0.210603,0.210603
0.210603,0.210603
0.210602,0.210602
0.210602,0.210602
0.210601,0.210601
0.210597,0.210597
0.210597,0.210597
0.210595,0.210595
0.210593,0.210593
0.210593,0.210593
0.210592,0.210592
0.210591,0.210591
0.21059,0.21059
0.21059,0.21059
0.210588,0.210588
0.210588,0.210588
0.210586,0.210586
0.210585,0.210585
0.210585,0.210585
0.210584,0.210584
0.210584,0.210584
0.210584,0.210584
0.210583,0.210583
0.210581,0.210581
0.210581,0.210581
0.210577,0.210577
0.210576,0.210576
0.210576,0.210576
0.210575,0.210575
0.210573,0.210573
0.210572,0.210572
0.210572,0.210572
0.210572,0.210572
0.210572,0.210572
0.210571,0.210571
0.210569,0.210569
0.210569,0.210569
0.210568,0.210568
0.210567,0.210567
0.210567,0.210567
0.210566,0.210566
0.210566,0.210566
0.210565,0.210565
0.210563,0.210563
0.210563,0.210563
0.210562,0.210562
0.21056,0.21056
0.210559,0.210559
0.210555,0.210555
0.210554,0.210554
0.210554,0.210554
0.210554,0.210554
0.210554,0.210554
0.210551,0.210551
0.210548,0.210548
0.210548,0.210548
0.210547,0.210547
0.210547,0.210547
0.21054,0.21054
0.210539,0.210529
0.210539,0.210539
0.210538,0.210538
0.210538,0.210538
0.210538,0.210538
0.210536,0.210536
0.210536,0.210536
0.210534,0.210534
0.210533,0.210533
0.210533,0.210533
0.210531,0.210531
0.21053,0.21053
0.210527,0.210527
0.210526,0.210526
0.210525,0.210525
0.210525,0.210525
0.210523,0.210523
0.210522,0.210522
0.210521,0.210521
0.21052,0.21052
0.210518,0.210518
0.210518,0.210518
0.210516,0.210516
0.210512,0.210512
0.210512,0.210512
0.21051,0.21051
0.210509,0.210509
0.210508,0.210508
0.210506,0.210506
0.210503,0.210503
0.210503,0.210503
0.210502,0.210502
0.210499,0.210499
0.210498,0.210498
0.210497,0.210497
0.210495,0.210495
0.210492,0.210492
0.210489,0.210489
0.210487,0.210487
0.210487,0.210487
0.210487,0.210487
0.210487,0.210487
0.210484,0.210484
0.210483,0.210483
0.210482,0.210482
0.210481,0.210481
0.21048,0.21048
0.210479,0.210479
0.210479,0.210479
0.210479,0.210479
0.210477,0.210477
0.210476,0.210476
0.210474,0.210474
0.210471,0.210471
0.210471,0.210471
0.21047,0.21047
0.210464,0.210464
0.210464,0.210464
0.210463,0.210463
0.210463,0.210463
0.210462,0.210462
0.210462,0.210462
0.210462,0.210462
0.210461,0.210461
0.210459,0.210459
0.210456,0.210456
0.210454,0.210454
0.210451,0.210451
0.21045,0.21045
0.210447,0.210447
0.210446,0.210446
0.210445,0.210445
0.210444,0.210444
0.210443,0.210443
0.210443,0.210443
0.210442,0.210442
0.210441,0.210441
0.210441,0.210441
0.21044,0.21044
0.210439,0.210439
0.210439,0.210439
0.210439,0.210439
0.210438,0.210438
0.210438,0.210438
0.210436,0.210436
0.210436,0.210436
0.210434,0.210434
0.210433,0.210433
0.210431,0.210431
0.210427,0.210427
0.210421,0.210421
0.210419,0.210419
0.210419,0.210419
0.210418,0.210418
0.210417,0.210417
0.210416,0.210416
0.210415,0.207328
0.210415,0.210415
0.210414,0.210414
0.210413,0.210413
0.210411,0.210411
0.210411,0.210411
0.210406,0.210406
0.210406,0.210406
0.210406,0.210406
0.210405,0.210405
0.210404,0.210404
0.210403,0.210403
0.2104,0.2104
0.210396,0.210396
0.210396,0.210396
0.210395,0.210395
0.210395,0.210395
0.210395,0.210395
0.210394,0.210394
0.210393,0.210393
0.210393,0.210393
0.210393,0.210393
0.210392,0.210392
0.21039,0.21039
0.21039,0.21039
0.210386,0.210386
0.210385,0.210385
0.210384,0.210384
0.210382,0.210382
0.210381,0.210381
0.21038,0.21038
0.21038,0.21038
0.21038,0.21038
0.210379,0.210379
0.210378,0.210378
0.210378,0.210378
0.210375,0.210375
0.210375,0.210375
0.210374,0.210374
0.210371,0.210371
0.21037,0.21037
0.21037,0.21037
0.210369,0.210369
0.210368,0.210368
0.210368,0.210368
0.210368,0.210368
0.210365,0.210365
0.210365,0.210365
0.210364,0.210364
0.210363,0.210363
0.210362,0.210362
0.210361,0.210361
0.210361,0.210361
0.21036,0.21036
0.210356,0.210356
0.210356,0.210356
0.210356,0.210356
0.210355,0.210355
0.210355,0.210355
0.210353,0.210353
0.210352,0.210352
0.210351,0.210351
0.210349,0.210349
0.210349,0.210349
0.210348,0.210348
0.210348,0.210348
0.210344,0.210344
0.210344,0.210344
0.210343,0.210343
0.210339,0.210339
0.210337,0.210337
0.210336,0.210336
0.210332,0.210332
0.210331,0.210331
0.210329,0.210329
0.210328,0.210328
0.210328,0.210328
0.210327,0.210327
0.210326,0.210326
0.210326,0.210326
0.210325,0.210325
0.210324,0.210324
0.210323,0.210323
0.210322,0.210322
0.210322,0.210322
0.210319,0.210319
0.210319,0.210319
0.210319,0.210319
0.210318,0.210318
0.210317,0.210317
0.210306,0.20994
0.210306,0.210306
0.210305,0.210305
0.210305,0.210305
0.210304,0.210304
0.210303,0.210303
0.210302,0.210302
0.210302,0.210302
0.210301,0.210301
0.2103,0.2103
0.2103,0.2103
0.210297,0.210297
0.210296,0.210296
0.210295,0.210295
0.210287,0.210287
0.210287,0.210287
0.210286,0.210286
0.210286,0.210286
0.210285,0.210285
0.210285,0.210285
0.210284,0.210284
0.210282,0.210282
0.210281,0.210281
0.210281,0.210281
0.210279,0.210279
0.210279,0.210279
0.210279,0.210279
0.210278,0.210278
0.210277,0.210277
0.210273,0.210273
0.210271,0.210271
0.210271,0.210271
0.210269,0.210269
0.210268,0.210268
0.210268,0.210268
0.210268,0.210268
0.210268,0.210268
0.210268,0.210268
0.210268,0.210268
0.210267,0.210267
0.210265,0.210265
0.210264,0.210264
0.210261,0.210261
0.210261,0.210261
0.210261,0.210261
0.210261,0.210261
0.210261,0.210261
0.21026,0.21026
0.210258,0.210258
0.210257,0.210257
0.210256,0.210256
0.210256,0.210256
0.210252,0.210252
0.210252,0.210252
0.210251,0.210251
0.210251,0.210251
0.210251,0.210251
0.210248,0.210248
0.210248,0.210248
0.210246,0.210246
0.210246,0.210246
0.210245,0.210245
0.210245,0.210245
0.210244,0.210244
0.210244,0.210244
0.210244,0.210244
0.210243,0.210243
0.210243,0.210243
0.210242,0.210242
0.210241,0.210241
0.21024,0.21024
0.210237,0.210237
0.210232,0.210232
0.210232,0.210232
0.210232,0.210232
0.21023,0.21023
0.210229,0.210229
0.210226,0.210226
0.210225,0.210225
0.210222,0.210222
0.21022,0.207683
0.21022,0.21022
0.21022,0.21022
0.210219,0.210219
0.210218,0.210218
0.210218,0.210218
0.210216,0.210216
0.210215,0.210215
0.210213,0.210213
0.210212,0.210212
0.210212,0.210212
0.21021,0.21021
0.210209,0.210209
0.210208,0.210208
0.210207,0.210207
0.210201,0.210201
0.210199,0.210199
0.210198,0.210198
0.210197,0.210197
0.210196,0.210196
0.210195,0.210195
0.210195,0.210195
0.210193,0.210193
0.210193,0.210193
0.210189,0.210189
0.210189,0.210189
0.210187,0.210187
0.210187,0.210187
0.210186,0.210186
0.210186,0.210186
0.210184,0.210184
0.210181,0.210181
0.21018,0.21018
0.210177,0.210177
0.210177,0.210177
0.210177,0.210177
0.210172,0.210172
0.210172,0.210172
0.210171,0.210171
0.210167,0.210167
0.210166,0.210166
0.210165,0.210165
0.210163,0.210163
0.210163,0.210163
0.210162,0.210162
0.210162,0.210162
0.210161,0.210161
0.21016,0.21016
0.210159,0.210159
0.210158,0.210158
0.210158,0.210158
0.210156,0.210156
0.210156,0.210156
0.210155,0.210155
0.210154,0.210154
0.210154,0.210154
0.210153,0.210153
0.210149,0.210149
0.210147,0.210147
0.210145,0.210145
0.210144,0.210144
0.210144,0.210144
0.210143,0.210143
0.210143,0.210143
0.210142,0.210142
0.210141,0.210141
0.210141,0.210141
0.21014,0.21014
0.21014,0.21014
0.21014,0.21014
0.21014,0.21014
0.210139,0.210139
0.210136,0.210136
0.210135,0.210135
0.210135,0.210135
0.21013,0.21013
0.210128,0.210128
0.210128,0.210128
0.210128,0.210128
0.210124,0.210124
0.210123,0.210123
0.210123,0.210123
0.21012,0.21012
0.210116,0.210116
0.210116,0.210116
0.210115,0.210115
0.210114,0.210114
0.210113,0.210113
0.210112,0.210112
0.210109,0.210109
0.210107,0.210107
0.210107,0.210107
0.210103,0.210103
0.210101,0.210101
0.210098,0.210098
0.210097,0.210097
0.210094,0.210094
0.210094,0.210094
0.210093,0.210093
0.210092,0.210092
0.21009,0.21009
0.21009,0.21009
0.210089,0.210089
0.210088,0.210088
0.210087,0.210087
0.210086,0.210086
0.210086,0.210086
0.210085,0.210085
0.210085,0.210085
0.210082,0.210082
0.210082,0.210082
0.21008,0.21008
0.210079,0.210079
0.210076,0.210076
0.210076,0.210076
0.210076,0.210076
0.210074,0.210074
0.210071,0.210071
0.21007,0.21007
0.210068,0.210068
0.210065,0.210065
0.210065,0.210065
0.210065,0.210065
0.210065,0.210065
0.210059,0.210059
0.210056,0.210056
0.210056,0.210056
0.210056,0.210056
0.210055,0.210055
0.210054,0.210054
0.210053,0.210053
0.210051,0.210051
0.210045,0.210045
0.210042,0.210042
0.210041,0.210041
0.210041,0.210041
0.210037,0.210037
0.210037,0.210037
0.210036,0.207571
0.210036,0.210036
0.210033,0.210033
0.210031,0.210031
0.21003,0.21003
0.210029,0.210029
0.210027,0.210027
0.210026,0.210026
0.210025,0.210025
0.210024,0.210024
0.210023,0.210023
0.210023,0.210023
0.210023,0.210023
0.210022,0.210022
0.210022,0.210022
0.21002,0.21002
0.21002,0.21002
0.210019,0.210019
0.210019,0.210019
0.210018,0.210018
0.210018,0.210018
0.210017,0.210017
0.210015,0.210015
0.210014,0.210014
0.21001,0.21001
0.210009,0.210009
0.210008,0.210008
0.210008,0.210008
0.210008,0.210008
0.210008,0.210008
0.210006,0.210006
0.210006,0.210006
0.210005,0.210005
0.210005,0.210005
0.210004,0.210004
0.210003,0.210003
0.210002,0.210002
0.21,0.21
0.21,0.21
0.209997,0.209997
0.209996,0.209996
0.209993,0.209993
0.209992,0.209992
0.209992,0.209992
0.209992,0.209992
0.209991,0.209991
0.209991,0.209991
0.209991,0.209991
0.209991,0.209991
0.20999,0.20999
0.20999,0.20999
0.209989,0.209989
0.209986,0.209986
0.209985,0.209985
0.209985,0.209985
0.209984,0.209984
0.209984,0.209984
0.209984,0.209984
0.209983,0.209983
0.209982,0.209982
0.209981,0.209981
0.20998,0.20998
0.209978,0.209978
0.209975,0.209975
0.209975,0.209975
0.209973,0.209973
0.209969,0.209969
0.209968,0.209968
0.209966,0.209966
0.209965,0.209965
0.209963,0.209963
0.209962,0.209962
0.209962,0.209962
0.20996,0.20996
0.209959,0.209959
0.209958,0.209958
0.209957,0.209957
0.209956,0.209956
0.209955,0.209955
0.209955,0.209955
0.209954,0.209954
0.209954,0.209954
0.209953,0.209953
0.209953,0.209953
0.209953,0.209953
0.209952,0.209952
0.209948,0.209948
0.209946,0.209946
0.209944,0.209944
0.209944,0.209944
0.209944,0.209944
0.209943,0.209943
0.209943,0.209943
0.209943,0.209943
0.209943,0.209943
0.209942,0.209942
0.209942,0.209942
0.209941,0.209941
0.209939,0.209939
0.209938,0.209938
0.209937,0.209937
0.209937,0.209937
0.209934,0.209934
0.209933,0.209933
0.209933,0.209933
0.209928,0.209928
0.209927,0.209927
0.209926,0.209926
0.209926,0.209926
0.209925,0.209925
0.209923,0.209923
0.209923,0.209923
0.209922,0.209922
0.209921,0.209921
0.20992,0.20992
0.209918,0.209918
0.209915,0.209915
0.209915,0.209915
0.209914,0.209914
0.209913,0.209913
0.209911,0.209911
0.20991,0.20991
0.209909,0.209909
0.209906,0.209906
0.209903,0.209903
0.209897,0.209897
0.209897,0.209897
0.209895,0.209895
0.209894,0.209894
0.209894,0.209894
0.209893,0.209893
0.209893,0.209893
0.209891,0.209891
0.209891,0.209891
0.209887,0.209887
0.209886,0.209886
0.209885,0.209885
0.209885,0.209885
0.209883,0.209883
0.209882,0.209882
0.209882,0.209882
0.20988,0.20988
0.20988,0.20988
0.209879,0.209879
0.209879,0.209879
0.209874,0.209874
0.209873,0.209873
0.209873,0.209873
0.209872,0.209872
0.20987,0.20987
0.20987,0.20987
0.209869,0.209869
0.209867,0.209867
0.209865,0.209865
0.209862,0.209862
0.209861,0.209861
0.209859,0.209859
0.209858,0.209858
0.209856,0.209856
0.209853,0.209853
0.209853,0.209853
0.209852,0.209852
0.209851,0.209851
0.209849,0.209849
0.209849,0.209849
0.209849,0.209849
0.209845,0.209845
0.209844,0.209844
0.209841,0.209841
0.209841,0.209841
0.20984,0.207699
0.20984,0.20984
0.20984,0.20984
0.209839,0.209839
0.209838,0.209838
0.209834,0.209834
0.209834,0.209834
0.20983,0.20983
0.209829,0.209829
0.209826,0.209826
0.209825,0.209825
0.209825,0.209825
0.209823,0.209823
0.209821,0.209821
0.209818,0.209818
0.209817,0.209817
0.209816,0.209816
0.209813,0.209813
0.209812,0.209812
0.209811,0.209811
0.209811,0.209811
0.20981,0.20981
0.209808,0.209808
0.209806,0.209806
0.209806,0.209806
0.209805,0.209805
0.209805,0.209805
0.209805,0.209805
0.209804,0.209804
0.209803,0.209803
0.209803,0.209803
0.209802,0.209802
0.209801,0.209801
0.209798,0.209798
0.209797,0.209797
0.209796,0.209796
0.209796,0.209796
0.209795,0.209795
0.209794,0.209794
0.209793,0.209793
0.209792,0.209792
0.209792,0.209792
0.209791,0.209791
0.209791,0.209791
0.209791,0.209791
0.20979,0.20979
0.209789,0.209789
0.209789,0.209789
0.209789,0.209789
0.209785,0.209785
0.209785,0.209785
0.209783,0.209783
0.209783,0.209783
0.209782,0.209782
0.209782,0.209782
0.209781,0.209781
0.209778,0.209778
0.209775,0.209775
0.209775,0.209775
0.209774,0.209774
0.209771,0.209771
0.209768,0.209768
0.209768,0.209768
0.209765,0.209765
0.209764,0.209764
0.209763,0.209763
0.209762,0.209762
0.209761,0.209761
0.209761,0.209761
0.20976,0.20976
0.209759,0.209759
0.209758,0.209758
0.209758,0.209758
0.209757,0.209757
0.209754,0.209754
0.209753,0.209753
0.209752,0.209752
0.209751,0.209751
0.20975,0.20975
0.209749,0.209749
0.209748,0.209748
0.209746,0.209746
0.209746,0.209746
0.209746,0.209746
0.209744,0.209744
0.209744,0.209744
0.209743,0.209743
0.209743,0.209743
0.209743,0.209743
0.209741,0.209741
0.209741,0.209741
0.209741,0.209741
0.209739,0.209739
0.209737,0.209737
0.209737,0.209737
0.209737,0.209737
0.209735,0.209735
0.209735,0.209735
0.209734,0.209734
0.209733,0.209733
0.209733,0.209733
0.209733,0.209733
0.209732,0.209732
0.209732,0.209732
0.209728,0.209728
0.209728,0.209728
0.209728,0.209728
0.209726,0.209726
0.209722,0.209722
0.209721,0.209721
0.209721,0.209721
0.20972,0.20972
0.209719,0.209719
0.209718,0.209718
0.209718,0.209718
0.209718,0.209718
0.209718,0.209718
0.209715,0.209715
0.209714,0.209714
0.209713,0.209713
0.209713,0.209713
0.209713,0.209713
0.20971,0.20971
0.20971,0.20971
0.209705,0.209705
0.209704,0.209704
0.209702,0.209702
0.209701,0.209701
0.2097,0.2097
0.209699,0.209699
0.209699,0.209699
0.209698,0.209698
0.209696,0.209696
0.209696,0.209696
0.209693,0.209693
0.209692,0.209692
0.209691,0.209691
0.209686,0.209686
0.209686,0.209686
0.209685,0.209685
0.209683,0.209683
0.209683,0.209683
0.209683,0.209683
0.209682,0.209682
0.209682,0.209682
0.209682,0.209682
0.209682,0.209682
0.209681,0.209681
0.20968,0.20968
0.209679,0.209679
0.209679,0.209679
0.209679,0.209679
0.209678,0.209678
0.209678,0.209678
0.209677,0.209677
0.209677,0.209677
0.209676,0.209676
0.209675,0.209675
0.209673,0.209673
0.209672,0.209672
0.209672,0.209672
0.209672,0.209672
0.209671,0.209671
0.209671,0.209671
0.20967,0.20967
0.209669,0.209669
0.209667,0.209667
0.209665,0.209665
0.209664,0.209664
0.209662,0.209662
0.209662,0.209662
0.209662,0.209662
0.209662,0.209662
0.209661,0.209661
0.209659,0.209659
0.209658,0.209658
0.209657,0.209657
0.209656,0.209656
0.209654,0.209654
0.209651,0.209651
0.209651,0.209651
0.209647,0.209647
0.209647,0.209647
0.209646,0.209646
0.209646,0.209646
0.209646,0.209646
0.209646,0.209646
0.209644,0.209644
0.209644,0.209644
0.209641,0.209641
0.20964,0.20964
0.209638,0.209638
0.209638,0.209638
0.209638,0.209638
0.209636,0.209636
0.209636,0.209636
0.209636,0.209636
0.209634,0.209634
0.209632,0.209632
0.20963,0.20963
0.209628,0.209628
0.209627,0.209627
0.209626,0.209626
0.209624,0.209624
0.209623,0.209623
0.209622,0.209622
0.209622,0.209622
0.209618,0.209618
0.209617,0.209617
0.209616,0.209616
0.209616,0.209616
0.209615,0.209615
0.209615,0.209615
0.209613,0.209613
0.209611,0.209611
0.209611,0.209611
0.209611,0.209611
0.20961,0.20961
0.20961,0.20961
0.20961,0.20961
0.209609,0.209609
0.209609,0.209609
0.209609,0.209609
0.209607,0.209607
0.209604,0.209604
0.209602,0.209602
0.209602,0.209602
0.2096,0.2096
0.2096,0.2096
0.209599,0.209599
0.209599,0.209599
0.209598,0.209598
0.209597,0.209597
0.209596,0.209596
0.209592,0.209592
0.209592,0.209592
0.209592,0.209592
0.209591,0.209591
0.209588,0.209588
0.209588,0.209588
0.209587,0.209587
0.209586,0.209586
0.209586,0.209586
0.209585,0.209585
0.209584,0.209584
0.209584,0.209584
0.209583,0.209583
0.209582,0.209582
0.209581,0.209581
0.209581,0.209581
0.20958,0.20958
0.20958,0.20958
0.20958,0.20958
0.209579,0.209579
0.209578,0.209578
0.209576,0.209576
0.209571,0.209571
0.209571,0.209571
0.20957,0.20957
0.20957,0.20957
0.209567,0.209567
0.209567,0.209567
0.209565,0.209565
0.209564,0.209564
0.209561,0.209561
0.209561,0.209561
0.20956,0.20956
0.20956,0.20956
0.209556,0.209556
0.209556,0.209556
0.209555,0.209555
0.209555,0.209555
0.209555,0.209555
0.209553,0.209553
0.209553,0.209553
0.209551,0.209551
0.209549,0.209549
0.209548,0.209548
0.209547,0.209547
0.209545,0.209545
0.209545,0.209545
0.209544,0.209544
0.209542,0.209542
0.209542,0.209542
0.20954,0.20954
0.209538,0.209538
0.209537,0.209537
0.209535,0.209535
0.209534,0.209534
0.209533,0.209533
0.209532,0.209532
0.20953,0.20953
0.209528,0.209528
0.209526,0.209526
0.209524,0.209524
0.209522,0.209522
0.209522,0.209522
0.209521,0.209521
0.209521,0.209521
0.20952,0.20952
0.20952,0.20952
0.209518,0.209518
0.209518,0.209518
0.209518,0.209518
0.209516,0.209516
0.209515,0.209515
0.209515,0.209515
0.209513,0.209513
0.209513,0.209513
0.209512,0.209512
0.209512,0.209512
0.209511,0.209511
0.209509,0.209509
0.209509,0.209509
0.209508,0.209508
0.209508,0.209508
0.209505,0.209505
0.209503,0.209503
0.209502,0.209502
0.209501,0.209501
0.2095,0.2095
0.2095,0.2095
0.2095,0.2095
0.2095,0.2095
0.209499,0.209499
0.209497,0.209497
0.209497,0.209497
0.209497,0.209497
0.209496,0.209496
0.209495,0.209495
0.209494,0.209494
0.209492,0.209492
0.20949,0.20949
0.209489,0.209489
0.209489,0.209489
0.209488,0.209488
0.209488,0.209488
0.209487,0.209487
0.209486,0.209486
0.209484,0.209484
0.209484,0.209484
0.209482,0.209482
0.209482,0.209482
0.209482,0.209482
0.209481,0.209481
0.20948,0.20948
0.209479,0.209479
0.209478,0.209478
0.209477,0.209477
0.209475,0.209475
0.209475,0.209475
0.209474,0.209474
0.209471,0.209471
0.209471,0.209471
0.209471,0.209471
0.209468,0.209468
0.209463,0.209463
0.209462,0.209462
0.209462,0.209462
0.209461,0.209461
0.209461,0.209461
0.209461,0.209461
0.209461,0.209461
0.209459,0.209459
0.209459,0.209459
0.209458,0.209458
0.209457,0.209457
0.209457,0.209457
0.209456,0.209456
0.209456,0.209456
0.209456,0.209456
0.209456,0.209456
0.209454,0.209454
0.20945,0.20945
0.209449,0.209449
0.209447,0.209447
0.209445,0.209445
0.209442,0.209442
0.209441,0.209441
0.20944,0.20944
0.209439,0.209439
0.209438,0.209438
0.209434,0.209434
0.209434,0.209434
0.209433,0.209433
0.209432,0.209432
0.209432,0.209432
0.209432,0.209432
0.209431,0.209431
0.209428,0.209428
0.209426,0.209426
0.209423,0.209423
0.209422,0.209422
0.209421,0.209421
0.209421,0.209421
0.209416,0.209416
0.209416,0.209416
0.209415,0.209415
0.209415,0.209415
0.209412,0.209412
0.209411,0.209411
0.209411,0.209411
0.20941,0.20941
0.209405,0.209405
0.209405,0.209405
0.209404,0.209404
0.209404,0.209404
0.209402,0.209402
0.209401,0.209401
0.2094,0.2094
0.209398,0.209398
0.209397,0.209397
0.209397,0.209397
0.209396,0.209396
0.209395,0.209395
0.209394,0.209394
0.209393,0.209393
0.209393,0.20831
0.209393,0.209393
0.209393,0.209393
0.209389,0.209389
0.209387,0.209387
0.209387,0.209387
0.209386,0.209386
0.209382,0.209382
0.209381,0.209381
0.20938,0.20938
0.209376,0.209376
0.209375,0.209375
0.209375,0.209375
0.20937,0.20937
0.209369,0.209369
0.209368,0.209368
0.209368,0.209368
0.209362,0.209362
0.209361,0.209361
0.20936,0.20936
0.20936,0.20936
0.209359,0.209359
0.209358,0.209358
0.209356,0.209356
0.209355,0.209355
0.209355,0.209355
0.209354,0.209354
0.209353,0.209353
0.209353,0.209353
0.209352,0.209352
0.209352,0.209352
0.209351,0.209351
0.20935,0.20935
0.20935,0.20935
0.209347,0.209347
0.209347,0.209347
0.209346,0.209346
0.209343,0.209343
0.209343,0.209343
0.209341,0.209341
0.209341,0.209341
0.20934,0.20934
0.20934,0.20934
0.209339,0.209339
0.209339,0.209339
0.209338,0.209338
0.209334,0.209334
0.209333,0.209333
0.209333,0.209333
0.209332,0.209332
0.209332,0.209332
0.209331,0.209331
0.209331,0.209331
0.20933,0.20933
0.209329,0.209329
0.209328,0.209328
0.209327,0.209327
0.209325,0.209325
0.209321,0.209321
0.20932,0.20932
0.209317,0.209317
0.209317,0.209317
0.209316,0.209316
0.209315,0.209315
0.209315,0.209315
0.209313,0.209313
0.209311,0.209311
0.209311,0.209311
0.209311,0.209311
0.20931,0.20931
0.20931,0.20931
0.209308,0.209308
0.209307,0.209307
0.209306,0.209306
0.209302,0.209302
0.209302,0.209302
0.209299,0.209299
0.209296,0.209296
0.209296,0.209296
0.209295,0.209295
0.209295,0.209295
0.209293,0.209293
0.209291,0.209291
0.209291,0.209291
0.20929,0.20929
0.209289,0.209289
0.209289,0.209289
0.209288,0.209288
0.209288,0.209288
0.209288,0.209288
0.209287,0.209287
0.209283,0.209283
0.209283,0.209283
0.209282,0.209282
0.209279,0.209279
0.209278,0.209278
0.209278,0.209278
0.209277,0.209277
0.209275,0.209275
0.209275,0.209275
0.209275,0.209275
0.209274,0.209274
0.209273,0.209273
0.209272,0.209272
0.209272,0.209272
0.20927,0.20927
0.209267,0.209267
0.209266,0.209266
0.209266,0.209266
0.209266,0.209266
0.209263,0.209263
0.209263,0.209263
0.209262,0.209262
0.209261,0.209261
0.209261,0.209261
0.20926,0.20926
0.209259,0.209259
0.209257,0.209257
0.209256,0.209256
0.209256,0.209256
0.209255,0.209255
0.209254,0.209254
0.209253,0.209253
0.209252,0.209252
0.209252,0.209252
0.209249,0.209249
0.209246,0.209246
0.209244,0.209244
0.209242,0.209242
0.20924,0.20924
0.209239,0.209239
0.209239,0.209239
0.209239,0.209239
0.209237,0.209237
0.209237,0.209237
0.209236,0.209236
0.209235,0.209235
0.209234,0.209234
0.209233,0.209233
0.209232,0.209232
0.209232,0.209232
0.209231,0.209231
0.209222,0.209222
0.209221,0.209221
0.20922,0.20922
0.209219,0.209219
0.209218,0.209218
0.209218,0.209218
0.209216,0.209216
0.209215,0.209215
0.209215,0.209215
0.209214,0.209214
0.209213,0.209213
0.209211,0.209211
0.209211,0.209211
0.209211,0.209211
0.209211,0.209211
0.20921,0.20921
0.20921,0.20921
0.20921,0.20921
0.20921,0.20921
0.209209,0.209209
0.209209,0.209209
0.209208,0.209208
0.209208,0.209208
0.209207,0.209207
0.209206,0.209206
0.209204,0.209204
0.209203,0.209203
0.209202,0.209202
0.209201,0.209201
0.2092,0.2092
0.209198,0.209198
0.209196,0.209196
0.209195,0.209195
0.209194,0.209194
0.209194,0.209194
0.209193,0.209193
0.209191,0.209191
0.209191,0.209191
0.209191,0.209191
0.20919,0.20919
0.209189,0.209189
0.209186,0.209186
0.209185,0.209185
0.209185,0.209185
0.209185,0.209185
0.209185,0.209185
0.209184,0.209184
0.209183,0.209183
0.209183,0.209183
0.209183,0.209183
0.209182,0.209182
0.209181,0.209181
0.209181,0.209181
0.209181,0.209181
0.209179,0.209179
0.209177,0.209177
0.209176,0.209176
0.209176,0.209176
0.209175,0.209175
0.209174,0.209174
0.209171,0.209171
0.209171,0.209171
0.20917,0.20917
0.209169,0.209169
0.209169,0.209169
0.209168,0.209168
0.209165,0.209165
0.209165,0.209165
0.209163,0.209163
0.209163,0.209163
0.209163,0.209163
0.209162,0.209162
0.209162,0.209162
0.209161,0.209161
0.20916,0.20916
0.209159,0.209159
0.209158,0.209158
0.209158,0.209158
0.209155,0.209155
0.209154,0.209154
0.209154,0.209154
0.209154,0.209154
0.209152,0.209152
0.209151,0.209151
0.20915,0.20915
0.209149,0.209149
0.209146,0.209146
0.209145,0.209145
0.209144,0.209144
0.209141,0.209141
0.209141,0.209141
0.209141,0.209141
0.20914,0.20914
0.20914,0.20914
0.209139,0.209139
0.209139,0.209139
0.209139,0.209139
0.209139,0.209139
0.209134,0.209134
0.209134,0.209134
0.209133,0.209133
0.209132,0.209132
0.209132,0.209132
0.209129,0.209129
0.209129,0.209129
0.209127,0.209127
0.209126,0.209126
0.209124,0.209124
0.209124,0.209124
0.209124,0.209124
0.209123,0.209123
0.209123,0.209123
0.209122,0.209122
0.209121,0.209121
0.209121,0.209121
0.209119,0.209119
0.209119,0.209119
0.209116,0.209116
0.209112,0.209112
0.209112,0.209112
0.209111,0.209111
0.20911,0.20911
0.209108,0.209108
0.209107,0.209107
0.209107,0.209107
0.209105,0.209105
0.209105,0.209105
0.209104,0.209104
0.209103,0.206777
0.209103,0.209103
0.209102,0.209102
0.209102,0.209102
0.209102,0.209102
0.209101,0.209101
0.209101,0.209101
0.2091,0.2091
0.209098,0.209098
0.209097,0.209097
0.209095,0.209095
0.209095,0.209095
0.209095,0.209095
0.209094,0.209094
0.209093,0.209093
0.209091,0.209091
0.209089,0.209089
0.209088,0.209088
0.209088,0.209088
0.209088,0.209088
0.209087,0.209087
0.209087,0.209087
0.209084,0.209084
0.209083,0.209083
0.209083,0.209083
0.209083,0.209083
0.209081,0.209081
0.209081,0.209081
0.20908,0.20908
0.209079,0.209079
0.209078,0.209078
0.209077,0.209077
0.209076,0.209076
0.209076,0.209076
0.209075,0.209075
0.209075,0.209075
0.209073,0.209073
0.20907,0.20907
0.20907,0.20907
0.209069,0.209069
0.209067,0.209067
0.209063,0.209063
0.209063,0.209063
0.209063,0.209063
0.209061,0.209061
0.209061,0.206957
0.209061,0.209061
0.20906,0.20906
0.209057,0.209057
0.209057,0.209057
0.209055,0.209055
0.209055,0.209055
0.209055,0.209055
0.209054,0.209054
0.209053,0.209053
0.209053,0.209053
0.209052,0.209052
0.209052,0.209052
0.209052,0.209052
0.209052,0.209052
0.209052,0.209052
0.20905,0.20905
0.209049,0.209049
0.209049,0.209049
0.209046,0.209046
0.209043,0.209043
0.209042,0.209042
0.209041,0.209041
0.209041,0.209041
0.20904,0.20904
0.20904,0.20904
0.209038,0.209038
0.209038,0.209038
0.209037,0.209037
0.209035,0.209035
0.209034,0.209034
0.209034,0.209034
0.209034,0.209034
0.209032,0.209032
0.209032,0.209032
0.209032,0.209032
0.20903,0.20903
0.209029,0.209029
0.209027,0.209027
0.209025,0.209025
0.209022,0.209022
0.209019,0.209019
0.209019,0.209019
0.209018,0.209018
0.209016,0.209016
0.209015,0.209015
0.209015,0.209015
0.209015,0.209015
0.209015,0.209015
0.209015,0.209015
0.209012,0.209012
0.209011,0.209011
0.209011,0.209011
0.20901,0.20901
0.209009,0.209009
0.209009,0.209009
0.209007,0.209007
0.209007,0.209007
0.209006,0.209006
0.209005,0.209005
0.209004,0.209004
0.209002,0.209002
0.209001,0.209001
0.209,0.209
0.209,0.209
0.208999,0.208999
0.208998,0.208998
0.208998,0.208998
0.208997,0.208997
0.208995,0.208995
0.208995,0.208995
0.208994,0.208994
0.208992,0.208992
0.208991,0.208991
0.20899,0.20899
0.208989,0.208989
0.208989,0.208989
0.208988,0.208988
0.208988,0.208988
0.208986,0.208986
0.208986,0.208986
0.208986,0.208986
0.208984,0.208984
0.208984,0.208984
0.208984,0.208984
0.208982,0.208982
0.208979,0.208979
0.208977,0.208977
0.208977,0.208977
0.208977,0.208977
0.208976,0.208976
0.208974,0.208974
0.208973,0.208973
0.208972,0.208972
0.208971,0.208971
0.20897,0.20897
0.208969,0.208969
0.208967,0.208967
0.208967,0.208967
0.208965,0.208965
0.208964,0.208964
0.208963,0.208963
0.208963,0.208963
0.208963,0.208963
0.208961,0.208961
0.208961,0.208961
0.208961,0.208961
0.20896,0.20896
0.208959,0.208959
0.208958,0.208958
0.208957,0.208957
0.208955,0.208955
0.208955,0.208955
0.208955,0.208955
0.208954,0.208954
0.208953,0.208953
0.208953,0.208953
0.208953,0.208953
0.208953,0.208953
0.208952,0.208952
0.208952,0.208952
0.208945,0.208945
0.208945,0.208945
0.208944,0.208944
0.208944,0.208944
0.208944,0.208944
0.208942,0.208942
0.208942,0.208942
0.208939,0.208939
0.208937,0.208937
0.208936,0.208936
0.208935,0.208935
0.208933,0.208933
0.208932,0.208932
0.208932,0.208932
0.20893,0.20893
0.208928,0.208928
0.208927,0.208927
0.208923,0.208923
0.208922,0.208922
0.208921,0.208921
0.20892,0.20892
0.208919,0.208919
0.208913,0.208913
0.208913,0.208913
0.208913,0.208913
0.208912,0.208912
0.20891,0.20891
0.20891,0.20891
0.208909,0.208909
0.208909,0.208909
0.208908,0.208908
0.208905,0.208905
0.208905,0.208905
0.208904,0.208904
0.208903,0.208903
0.208903,0.208903
0.208901,0.208901
0.208899,0.208899
0.208898,0.208898
0.208896,0.208896
0.208896,0.208896
0.208895,0.208895
0.208894,0.208894
0.208887,0.208887
0.208886,0.208886
0.208885,0.208885
0.208884,0.208884
0.208884,0.208884
0.208883,0.208883
0.208881,0.208881
0.20888,0.20888
0.20888,0.20888
0.208879,0.208879
0.208879,0.208879
0.208878,0.208878
0.208875,0.208875
0.208875,0.208875
0.208874,0.208874
0.208874,0.208874
0.208874,0.208874
0.208872,0.208872
0.208872,0.208872
0.208872,0.208872
0.208871,0.208871
0.20887,0.20887
0.20887,0.20887
0.208868,0.208868
0.208867,0.208867
0.208867,0.208867
0.208867,0.208867
0.208865,0.208865
0.208865,0.208865
0.208864,0.208864
0.208864,0.208864
0.208864,0.208864
0.208861,0.208861
0.20886,0.20886
0.20886,0.20886
0.208859,0.208859
0.208859,0.208859
0.208858,0.208858
0.208855,0.208855
0.208854,0.208854
0.208851,0.208851
0.20885,0.20885
0.208849,0.208849
0.208849,0.208849
0.208848,0.208848
0.208846,0.208846
0.208846,0.208846
0.208846,0.208846
0.208844,0.208844
0.208844,0.208844
0.208842,0.208842
0.208842,0.208842
0.208842,0.208842
0.20884,0.20884
0.20884,0.20884
0.208839,0.208839
0.208839,0.208839
0.208839,0.208839
0.208838,0.208838
0.208838,0.208838
0.208838,0.208838
0.208838,0.208838
0.208837,0.208837
0.208837,0.208837
0.208837,0.208837
0.208837,0.208837
0.208836,0.208836
0.208835,0.208835
0.208835,0.208835
0.208835,0.208835
0.208831,0.208831
0.208831,0.208831
0.20883,0.20883
0.20883,0.20883
0.20883,0.20883
0.208828,0.208828
0.208828,0.208828
0.208827,0.208827
0.208827,0.208827
0.208823,0.208823
0.208823,0.208823
0.20882,0.20882
0.20882,0.20882
0.20882,0.20882
0.208818,0.208818
0.208818,0.208818
0.208817,0.208817
0.208815,0.208815
0.208815,0.208815
0.208813,0.208813
0.208812,0.208812
0.208812,0.208812
0.208812,0.208812
0.208811,0.208811
0.208809,0.208809
0.208809,0.208809
0.208808,0.208808
0.208808,0.208808
0.208808,0.208808
0.208808,0.208808
0.208808,0.208808
0.208806,0.208806
0.208804,0.208804
0.208803,0.208803
0.208803,0.208803
0.208802,0.208802
0.208798,0.208798
0.208797,0.208797
0.208797,0.208797
0.208797,0.208797
0.208797,0.208797
0.208796,0.208796
0.208793,0.208793
0.208793,0.208793
0.208793,0.208793
0.208793,0.208793
0.208792,0.208792
0.208792,0.208792
0.20879,0.20879
0.208789,0.208789
0.208788,0.208788
0.208787,0.208787
0.208786,0.208786
0.208786,0.208786
0.208785,0.208785
0.208784,0.208784
0.208783,0.208783
0.208781,0.208781
0.20878,0.20878
0.208779,0.208779
0.208778,0.208778
0.208776,0.208776
0.208776,0.208776
0.208775,0.208775
0.208775,0.208775
0.208775,0.208775
0.208772,0.208772
0.208771,0.208771
0.208771,0.208771
0.20877,0.20877
0.20877,0.20877
0.208768,0.208768
0.208767,0.208767
0.208766,0.208766
0.208766,0.208766
0.208764,0.208764
0.208763,0.208763
0.208762,0.208762
0.208762,0.208762
0.208762,0.208762
0.208762,0.208762
0.208761,0.208761
0.20876,0.20876
0.20876,0.20876
0.20876,0.20876
0.208759,0.208759
0.208759,0.208759
0.208757,0.208757
0.208756,0.208756
0.208756,0.208756
0.208754,0.208754
0.208753,0.208753
0.208753,0.208753
0.208752,0.208752
0.208752,0.208752
0.20875,0.20875
0.20875,0.20875
0.208747,0.208747
0.208745,0.208745
0.208743,0.208743
0.208743,0.208743
0.208743,0.208743
0.208743,0.208743
0.208743,0.208743
0.208742,0.208742
0.208742,0.208742
0.208738,0.208738
0.208737,0.208737
0.208736,0.208736
0.208735,0.208735
0.208735,0.208735
0.208735,0.208735
0.208732,0.208732
0.208731,0.208731
0.208731,0.208731
0.20873,0.20873
0.208728,0.208728
0.208726,0.208726
0.208725,0.208725
0.208725,0.208725
0.208725,0.208725
0.208724,0.208724
0.208724,0.208724
0.208723,0.208723
0.208722,0.208722
0.20872,0.20872
0.208719,0.208719
0.208719,0.208719
0.208719,0.208719
0.208716,0.208716
0.208716,0.208716
0.208715,0.208715
0.208714,0.208714
0.208714,0.208714
0.208713,0.208713
0.208713,0.208713
0.208713,0.208713
0.208711,0.208711
0.20871,0.20871
0.208708,0.208708
0.208706,0.208706
0.208706,0.208706
0.208705,0.208705
0.208704,0.208704
0.208703,0.208703
0.208701,0.208701
0.2087,0.2087
0.2087,0.2087
0.208698,0.208698
0.208697,0.208697
0.208697,0.208697
0.208697,0.208697
0.208696,0.208696
0.208695,0.208695
0.208695,0.208695
0.208695,0.208695
0.208694,0.208694
0.208693,0.208693
0.208693,0.208693
0.208691,0.208691
0.20869,0.20869
0.208688,0.208688
0.208686,0.208686
0.208686,0.208686
0.208685,0.208685
0.208685,0.208685
0.208683,0.208683
0.208681,0.208681
0.20868,0.20868
0.20868,0.20868
0.208678,0.208678
0.208677,0.208677
0.208676,0.208676
0.208676,0.208676
0.208676,0.208676
0.208675,0.208675
0.208674,0.208674
0.208674,0.208674
0.208672,0.208672
0.208671,0.208671
0.208669,0.208669
0.208668,0.208668
0.208668,0.208668
0.208668,0.208668
0.208664,0.208664
0.208664,0.208664
0.208662,0.208662
0.208661,0.208661
0.208661,0.208661
0.208661,0.208661
0.20866,0.20866
0.208659,0.208659
0.208658,0.208658
0.208658,0.208658
0.208657,0.208657
0.208657,0.208657
0.208655,0.208655
0.208653,0.208653
0.208652,0.208652
0.20865,0.20865
0.208647,0.208647
0.208647,0.208647
0.208645,0.208645
0.208643,0.208643
0.208641,0.208641
0.208641,0.208641
0.20864,0.20864
0.20864,0.20864
0.208639,0.208639
0.208636,0.208636
0.208635,0.208635
0.208635,0.208635
0.208632,0.208632
0.208629,0.208629
0.208628,0.208628
0.208626,0.208626
0.208625,0.208625
0.208624,0.208624
0.208624,0.208624
0.208623,0.208623
0.208622,0.208622
0.208621,0.208621
0.20862,0.20862
0.208617,0.208617
0.208615,0.208615
0.208615,0.208615
0.208615,0.208615
0.208615,0.208615
0.208614,0.208614
0.208613,0.208613
0.208613,0.208613
0.208612,0.208612
0.208612,0.208612
0.20861,0.20861
0.20861,0.20861
0.208609,0.208609
0.208608,0.208608
0.208607,0.208607
0.208607,0.208607
0.208606,0.208606
0.208606,0.208606
0.208604,0.208604
0.208603,0.208603
0.208603,0.208603
0.208602,0.208602
0.208601,0.208601
0.2086,0.2086
0.2086,0.2086
0.208599,0.208599
0.208599,0.208599
0.208599,0.208599
0.208598,0.208598
0.208596,0.208596
0.208594,0.208594
0.208593,0.208593
0.208593,0.208593
0.208592,0.208592
0.208592,0.208592
0.208591,0.208591
0.208591,0.208591
0.20859,0.20859
0.20859,0.20859
0.20859,0.20859
0.208589,0.208589
0.208588,0.208588
0.208588,0.208588
0.208586,0.208586
0.208585,0.208585
0.208585,0.208585
0.208584,0.208584
0.208583,0.208583
0.208583,0.208583
0.208582,0.208582
0.208581,0.208581
0.208581,0.208581
0.208581,0.208581
0.20858,0.20858
0.20858,0.20858
0.208579,0.208579
0.208579,0.208579
0.208579,0.208579
0.208579,0.208579
0.208578,0.208578
0.208576,0.208576
0.208575,0.208575
0.208575,0.208575
0.208574,0.208574
0.208572,0.208572
0.208571,0.208571
0.20857,0.20857
0.208566,0.208566
0.208565,0.208565
0.208565,0.208565
0.208564,0.208564
0.208563,0.208563
0.208561,0.208561
0.20856,0.20856
0.20856,0.20856
0.208558,0.208558
0.208558,0.208558
0.208558,0.208558
0.208557,0.208557
0.208557,0.208557
0.208554,0.208554
0.208554,0.208554
0.208553,0.208553
0.208552,0.208552
0.20855,0.20855
0.20855,0.20855
0.208549,0.208549
0.208548,0.208548
0.208548,0.208548
0.208548,0.208548
0.208548,0.208548
0.208545,0.208545
0.208544,0.208544
0.208544,0.208544
0.208543,0.208543
0.208542,0.208542
0.208541,0.208541
0.208541,0.208541
0.20854,0.20854
0.208539,0.208539
0.208538,0.208538
0.208537,0.208537
0.208537,0.208537
0.208536,0.208536
0.208534,0.208534
0.208529,0.208529
0.208527,0.208527
0.208525,0.208525
0.208524,0.208524
0.208522,0.208522
0.208522,0.208522
0.208521,0.208521
0.20852,0.20852
0.20852,0.20852
0.20852,0.20852
0.20852,0.20852
0.208519,0.208519
0.208518,0.208518
0.208516,0.208516
0.208515,0.208515
0.208515,0.208515
0.208514,0.208514
0.208514,0.208514
0.208512,0.208512
0.208512,0.208512
0.208511,0.208511
0.20851,0.20851
0.208508,0.208508
0.208506,0.208506
0.208505,0.208505
0.208505,0.208505
0.208504,0.208504
0.208504,0.208504
0.208504,0.208504
0.208502,0.208502
0.208501,0.208501
0.208496,0.208496
0.208496,0.208496
0.208493,0.208493
0.208493,0.208493
0.208491,0.208491
0.208491,0.208491
0.208491,0.208491
0.20849,0.20849
0.208489,0.208489
0.208487,0.208487
0.208486,0.208486
0.208485,0.208485
0.208483,0.208483
0.208482,0.208482
0.208482,0.208482
0.208479,0.208479
0.208479,0.208479
0.208479,0.208479
0.208478,0.208478
0.208477,0.208477
0.208475,0.208475
0.208474,0.208474
0.208473,0.208473
0.208473,0.208473
0.208473,0.208473
0.208472,0.208472
0.208471,0.208471
0.20847,0.20847
0.20847,0.20847
0.208469,0.208469
0.208468,0.208468
0.208466,0.208466
0.208466,0.208466
0.208465,0.208465
0.208464,0.208464
0.208463,0.208463
0.208463,0.208463
0.208462,0.208462
0.208461,0.208461
0.208459,0.208459
0.208459,0.208459
0.208458,0.208458
0.208457,0.208457
0.208456,0.208456
0.208456,0.208456
0.208456,0.208456
0.208455,0.208455
0.208455,0.208455
0.208455,0.208455
0.208454,0.208454
0.208452,0.208452
0.208451,0.208451
0.20845,0.20845
0.208449,0.208449
0.208448,0.208448
0.208443,0.208443
0.208443,0.208443
0.208443,0.208443
0.20844,0.20844
0.208439,0.208439
0.208439,0.208439
0.208439,0.208439
0.208438,0.208438
0.208438,0.208438
0.208438,0.208438
0.208438,0.208438
0.208436,0.208436
0.208435,0.208435
0.208433,0.208433
0.208433,0.208433
0.208432,0.208432
0.208431,0.208431
0.20843,0.20843
0.20843,0.20843
0.208429,0.208429
0.208428,0.208428
0.208428,0.208428
0.208425,0.208425
0.208424,0.208424
0.208423,0.208423
0.208423,0.208423
0.208421,0.208421
0.208421,0.208421
0.208421,0.208421
0.208419,0.208419
0.208417,0.208417
0.208417,0.208417
0.208414,0.208414
0.208414,0.208414
0.208413,0.208413
0.208408,0.208408
0.208406,0.208406
0.208405,0.208405
0.208403,0.208403
0.2084,0.2084
0.2084,0.2084
0.208399,0.208399
0.208399,0.208399
0.208397,0.208397
0.208396,0.208396
0.208396,0.208396
0.208394,0.208394
0.208394,0.208394
0.208392,0.208392
0.208391,0.208391
0.208391,0.208391
0.20839,0.20839
0.208389,0.208389
0.208388,0.208388
0.208387,0.208387
0.208387,0.208387
0.208387,0.208387
0.208387,0.208387
0.208387,0.208387
0.208386,0.208386
0.208385,0.208385
0.208385,0.208385
0.208384,0.208384
0.208383,0.208383
0.208381,0.208381
0.208379,0.208379
0.208378,0.208378
0.208378,0.208378
0.208377,0.208377
0.208377,0.208377
0.208377,0.208377
0.208375,0.208375
0.208373,0.208373
0.208365,0.208365
0.208364,0.208364
0.208363,0.208363
0.208363,0.208363
0.208363,0.208363
0.208363,0.208363
0.208363,0.208363
0.208362,0.208362
0.20836,0.20836
0.20836,0.20836
0.20836,0.20836
0.208358,0.208358
0.208356,0.208356
0.208355,0.208355
0.208353,0.208353
0.208351,0.208351
0.20835,0.20835
0.20835,0.20835
0.208349,0.208349
0.208349,0.208349
0.208347,0.208347
0.208347,0.208347
0.208347,0.208347
0.208345,0.208345
0.208344,0.208344
0.208344,0.208344
0.208343,0.208343
0.208341,0.208341
0.208341,0.208341
0.208338,0.208338
0.208338,0.208338
0.208337,0.208337
0.208335,0.208335
0.208332,0.208332
0.208332,0.208332
0.208331,0.208331
0.208331,0.208331
0.208327,0.208327
0.208327,0.208327
0.208324,0.208324
0.208322,0.208322
0.208322,0.208322
0.208321,0.208321
0.20832,0.20832
0.20832,0.20832
0.20832,0.20832
0.20832,0.20832
0.20832,0.20832
0.208319,0.208319
0.208319,0.208319
0.208318,0.208318
0.208317,0.208317
0.208315,0.208315
0.208312,0.208312
0.208311,0.208311
0.20831,0.20831
0.20831,0.20831
0.20831,0.20831
0.20831,0.20831
0.20831,0.20831
0.208309,0.208309
0.208306,0.208306
0.208305,0.208305
0.208303,0.208303
0.208303,0.208303
0.208302,0.208302
0.208302,0.208302
0.2083,0.2083
0.208299,0.208299
0.208297,0.208297
0.208296,0.208296
0.208296,0.208296
0.208296,0.208296
0.208295,0.208295
0.208294,0.208294
0.208294,0.208294
0.208294,0.208294
0.208294,0.208294
0.208292,0.208292
0.208292,0.208292
0.208291,0.208291
0.208291,0.208291
0.20829,0.20829
0.20829,0.20829
0.208289,0.208289
0.208289,0.208289
0.208288,0.208288
0.208286,0.208286
0.208284,0.208284
0.208283,0.208283
0.208282,0.208282
0.20828,0.20828
0.208275,0.208275
0.208275,0.208275
0.208271,0.208271
0.208268,0.208268
0.208267,0.208267
0.208267,0.208267
0.208266,0.208266
0.208265,0.208265
0.208264,0.208264
0.208263,0.208263
0.208262,0.208262
0.20826,0.20826
0.208258,0.208258
0.208254,0.208254
0.208253,0.208253
0.208252,0.208252
0.208252,0.208252
0.208249,0.208249
0.208248,0.208248
0.208247,0.208247
0.208246,0.208246
0.208246,0.208246
0.208244,0.208244
0.208243,0.208243
0.208242,0.208242
0.208241,0.208241
0.20824,0.20824
0.208236,0.208236
0.208234,0.208234
0.208233,0.208233
0.208233,0.208233
0.208232,0.208232
0.208232,0.208232
0.208231,0.208231
0.208229,0.208229
0.208228,0.208228
0.208228,0.208228
0.208228,0.208228
0.208228,0.208228
0.208227,0.208227
0.208224,0.208224
0.208223,0.208223
0.208222,0.208222
0.208219,0.208219
0.208218,0.208218
0.208216,0.208216
0.208215,0.208215
0.208213,0.208213
0.208211,0.208211
0.208211,0.208211
0.208211,0.208211
0.208211,0.208211
0.208211,0.208211
0.20821,0.20821
0.20821,0.20821
0.208207,0.208207
0.208206,0.208206
0.208204,0.208204
0.208203,0.208203
0.208203,0.208203
0.2082,0.2082
0.2082,0.2082
0.208198,0.208198
0.208193,0.208193
0.208193,0.208193
0.208193,0.208193
0.208192,0.208192
0.208192,0.208192
0.208191,0.208191
0.20819,0.20819
0.208188,0.206098
0.208188,0.208188
0.208188,0.208188
0.208188,0.208188
0.208188,0.208188
0.208184,0.208184
0.208184,0.208184
0.208183,0.208183
0.208182,0.208182
0.208182,0.208182
0.208181,0.208181
0.208178,0.208178
0.208178,0.208178
0.208177,0.208177
0.208176,0.208176
0.208175,0.208175
0.208173,0.208173
0.208173,0.208173
0.208172,0.208172
0.208171,0.208171
0.208171,0.208171
0.208169,0.208169
0.208169,0.208169
0.208164,0.208164
0.208162,0.208162
0.208162,0.208162
0.208162,0.208162
0.208161,0.208161
0.208161,0.208161
0.208159,0.208159
0.208159,0.208159
0.208159,0.208159
0.208158,0.208158
0.208158,0.208158
0.208155,0.208155
0.208155,0.208155
0.208154,0.208154
0.208153,0.208153
0.208153,0.208153
0.208153,0.208153
0.208152,0.208152
0.208151,0.208151
0.20815,0.20815
0.20815,0.20815
0.20815,0.20815
0.20815,0.20815
0.20815,0.20815
0.208148,0.208148
0.208147,0.208147
0.208147,0.208147
0.208146,0.208146
0.208144,0.208144
0.208143,0.208143
0.208143,0.208143
0.208142,0.208142
0.208141,0.208141
0.208141,0.208141
0.208141,0.208141
0.20814,0.20814
0.208139,0.208139
0.208139,0.208139
0.208138,0.208138
0.208138,0.208138
0.208138,0.208138
0.208138,0.208138
0.208138,0.208138
0.208137,0.208137
0.208136,0.208136
0.208136,0.208136
0.208136,0.208136
0.208135,0.208135
0.208135,0.208135
0.208132,0.208132
0.208126,0.208126
0.208124,0.208124
0.208123,0.208123
0.208123,0.208123
0.208123,0.208123
0.208122,0.208122
0.208121,0.208121
0.208121,0.208121
0.208118,0.208118
0.208117,0.208117
0.208116,0.208116
0.208116,0.208116
0.208114,0.208114
0.208113,0.208113
0.208113,0.208113
0.208113,0.208113
0.208112,0.208112
0.208111,0.208111
0.20811,0.20811
0.20811,0.20811
0.208106,0.208106
0.208102,0.208102
0.208102,0.208102
0.2081,0.2081
0.2081,0.2081
0.208097,0.208097
0.208097,0.208097
0.208097,0.208097
0.208097,0.208097
0.208094,0.208094
0.208093,0.208093
0.208092,0.208092
0.208089,0.208089
0.208089,0.208089
0.208089,0.208089
0.208088,0.208088
0.208088,0.208088
0.208087,0.208087
0.208087,0.208087
0.208086,0.208086
0.208086,0.208086
0.208086,0.208086
0.208085,0.208085
0.208084,0.208084
0.208081,0.208081
0.20808,0.20808
0.20808,0.20808
0.20808,0.20808
0.208078,0.208078
0.208074,0.208074
0.208073,0.208073
0.208073,0.208073
0.20807,0.20807
0.208069,0.208069
0.208069,0.208069
0.208068,0.208068
0.208068,0.208068
0.208066,0.208066
0.208064,0.208064
0.208064,0.208064
0.208064,0.208064
0.208062,0.208062
0.208062,0.208062
0.20806,0.20806
0.208059,0.208059
0.208056,0.208056
0.208053,0.208053
0.208051,0.208051
0.20805,0.20805
0.208048,0.208048
0.208046,0.208046
0.208045,0.208045
0.208044,0.208044
0.208042,0.208042
0.208041,0.208041
0.208041,0.208041
0.20804,0.20804
0.208039,0.208039
0.208038,0.208038
0.208037,0.208037
0.208037,0.208037
0.208036,0.208036
0.208035,0.208035
0.208035,0.208035
0.208034,0.208034
0.208033,0.208033
0.208032,0.208032
0.208031,0.208031
0.208031,0.208031
0.20803,0.20803
0.208028,0.208028
0.208026,0.208026
0.208024,0.208024
0.208023,0.208023
0.208023,0.208023
0.208022,0.208022
0.208022,0.208022
0.208018,0.208018
0.208017,0.208017
0.208016,0.208016
0.208016,0.208016
0.208015,0.208015
0.208015,0.208015
0.208015,0.208015
0.208014,0.208014
0.208013,0.208013
0.208013,0.208013
0.208012,0.208012
0.20801,0.20801
0.208004,0.208004
0.208002,0.208002
0.208002,0.208002
0.208001,0.208001
0.207999,0.207999
0.207997,0.207997
0.207996,0.207996
0.207996,0.207996
0.207995,0.207995
0.207995,0.207995
0.207994,0.207994
0.207993,0.207993
0.207993,0.207993
0.207992,0.207992
0.207989,0.207989
0.207988,0.207988
0.207988,0.207988
0.207986,0.207986
0.207985,0.207985
0.207985,0.207985
0.20798,0.20798
0.20798,0.20798
0.20798,0.20798
0.207978,0.207978
0.207978,0.207978
0.207978,0.207978
0.207977,0.207977
0.207974,0.207974
0.207974,0.207974
0.207974,0.207974
0.207973,0.207973
0.207971,0.207971
0.20797,0.20797
0.20797,0.20797
0.207967,0.207967
0.207967,0.207967
0.207962,0.207962
0.207962,0.207962
0.207957,0.207957
0.207957,0.207957
0.207955,0.207955
0.207955,0.207955
0.207955,0.207955
0.207952,0.207952
0.207951,0.207951
0.20795,0.20795
0.20795,0.20795
0.207945,0.207945
0.207944,0.207944
0.207944,0.207944
0.207944,0.207944
0.207942,0.207942
0.207941,0.207941
0.20794,0.20794
0.20794,0.20794
0.207938,0.207938
0.207936,0.207936
0.207933,0.207933
0.207932,0.207932
0.207931,0.207931
0.207931,0.207931
0.20793,0.20793
0.207929,0.207929
0.207929,0.207929
0.207928,0.207928
0.207928,0.207928
0.207925,0.207925
0.207925,0.207925
0.207925,0.207925
0.207924,0.207924
0.207924,0.207924
0.207922,0.207922
0.207921,0.207921
0.20792,0.20792
0.20792,0.20792
0.207919,0.207919
0.207919,0.207919
0.207918,0.207918
0.207917,0.207917
0.207917,0.207917
0.207917,0.207917
0.207917,0.207917
0.207916,0.207916
0.207915,0.207915
0.207915,0.207915
0.207914,0.207914
0.207914,0.207914
0.207914,0.207914
0.207914,0.207914
0.207912,0.207912
0.207911,0.207911
0.20791,0.20791
0.20791,0.20791
0.207909,0.207909
0.207909,0.207909
0.207907,0.207907
0.207907,0.207907
0.207906,0.207906
0.207905,0.207905
0.207904,0.207904
0.207904,0.207904
0.207904,0.207904
0.207904,0.207904
0.207902,0.207902
0.2079,0.2079
0.207899,0.207899
0.207899,0.207899
0.207899,0.207899
0.207898,0.207898
0.207897,0.207897
0.207894,0.207894
0.207893,0.207893
0.207892,0.207892
0.207892,0.207892
0.207891,0.207891
0.20789,0.20789
0.20789,0.20789
0.207888,0.207888
0.207888,0.207888
0.207884,0.207884
0.207882,0.207882
0.207882,0.207882
0.207881,0.207881
0.20788,0.20788
0.20788,0.20788
0.207879,0.207879
0.207879,0.207879
0.207878,0.207878
0.207876,0.207876
0.207874,0.207874
0.207873,0.207873
0.207873,0.207873
0.207872,0.207872
0.207872,0.207872
0.207872,0.207872
0.20787,0.20787
0.20787,0.20787
0.207868,0.207868
0.207866,0.207866
0.207866,0.207866
0.207864,0.207864
0.207864,0.207864
0.207862,0.207862
0.207857,0.207857
0.207856,0.207856
0.207855,0.207855
0.207855,0.207855
0.207853,0.207853
0.207853,0.207853
0.207851,0.207851
0.207849,0.207849
0.207848,0.207848
0.207847,0.207847
0.207846,0.207846
0.207845,0.207845
0.207844,0.207844
0.207841,0.207841
0.20784,0.20784
0.207839,0.207839
0.207838,0.207838
0.207836,0.207836
0.207836,0.207836
0.207834,0.207834
0.207831,0.207831
0.207828,0.207828
0.207828,0.207828
0.207825,0.206531
0.207825,0.207825
0.207825,0.207825
0.207824,0.207824
0.207823,0.207823
0.207819,0.207819
0.207817,0.207817
0.207813,0.207813
0.20781,0.20781
0.207809,0.207809
0.207808,0.207808
0.207808,0.207808
0.207807,0.207807
0.207806,0.207806
0.207805,0.207805
0.207805,0.207805
0.207803,0.207803
0.207803,0.207803
0.207802,0.207802
0.207802,0.207802
0.2078,0.2078
0.207797,0.207797
0.207796,0.207796
0.207796,0.207796
0.207795,0.207795
0.207794,0.207794
0.207793,0.207793
0.207793,0.207793
0.207792,0.207792
0.207792,0.207792
0.20779,0.20779
0.20779,0.20779
0.207789,0.207789
0.207787,0.207787
0.207787,0.207787
0.207786,0.207786
0.207785,0.207785
0.207785,0.207785
0.207784,0.207784
0.207784,0.207784
0.207783,0.207783
0.207783,0.207783
0.207782,0.207782
0.207782,0.207782
0.207782,0.207782
0.207782,0.207782
0.207781,0.207781
0.207781,0.207781
0.20778,0.20778
0.20778,0.20778
0.207778,0.207778
0.207776,0.207776
0.207776,0.207776
0.207776,0.207776
0.207775,0.207775
0.207775,0.207775
0.207774,0.207774
0.207774,0.207774
0.207773,0.207773
0.207771,0.207771
0.207771,0.207771
0.207771,0.207771
0.207769,0.207769
0.207768,0.207768
0.207767,0.207767
0.207766,0.207766
0.207766,0.207766
0.207762,0.207762
0.207761,0.207761
0.20776,0.20776
0.207759,0.207759
0.207759,0.207759
0.207758,0.207758
0.207756,0.207756
0.207755,0.207755
0.207753,0.207753
0.207745,0.207745
0.207745,0.207745
0.207742,0.207742
0.20774,0.20774
0.20774,0.20774
0.207739,0.207739
0.207738,0.207738
0.207737,0.207737
0.207737,0.207737
0.207736,0.207736
0.207735,0.207735
0.207735,0.207735
0.207734,0.207734
0.207732,0.207732
0.20773,0.20773
0.20773,0.20773
0.20773,0.20773
0.207729,0.207729
0.207724,0.207724
0.207721,0.206578
0.207721,0.207721
0.207721,0.207721
0.20772,0.20772
0.20772,0.20772
0.207718,0.207718
0.207718,0.207718
0.207718,0.207718
0.207713,0.207713
0.207713,0.207713
0.207711,0.207711
0.207711,0.207711
0.20771,0.20771
0.207708,0.207708
0.207708,0.207708
0.207708,0.207708
0.207706,0.207706
0.207706,0.207706
0.207705,0.207705
0.207702,0.207702
0.207702,0.207702
0.207701,0.207701
0.2077,0.2077
0.207698,0.207698
0.207698,0.207698
0.207698,0.207698
0.207697,0.207697
0.207696,0.207696
0.207693,0.207693
0.207692,0.207692
0.207692,0.207692
0.207692,0.207692
0.207691,0.207691
0.20769,0.20769
0.20769,0.20769
0.207689,0.207689
0.207689,0.207689
0.207689,0.207689
0.207688,0.207688
0.207687,0.207687
0.207686,0.207686
0.207685,0.207685
0.207685,0.207685
0.207685,0.207685
0.207681,0.207681
0.207678,0.207678
0.207678,0.207678
0.207676,0.207676
0.207676,0.207676
0.207675,0.207675
0.207675,0.207675
0.207675,0.207675
0.207674,0.207674
0.207674,0.207674
0.207671,0.207671
0.20767,0.20767
0.20767,0.20767
0.207667,0.207667
0.207665,0.207665
0.207665,0.207665
0.207665,0.207665
0.207664,0.207664
0.207664,0.207664
0.207664,0.207664
0.207664,0.207664
0.207663,0.207663
0.207662,0.207662
0.207662,0.207662
0.207661,0.207661
0.207658,0.207658
0.207657,0.207657
0.207657,0.207657
0.207657,0.207657
0.207657,0.207657
0.207654,0.207654
0.207652,0.207652
0.207651,0.207651
0.20765,0.20765
0.207649,0.207649
0.207649,0.207649
0.207649,0.207649
0.207648,0.207648
0.207648,0.207648
0.207648,0.207648
0.207648,0.207648
0.207648,0.207648
0.207646,0.207646
0.207642,0.207642
0.207641,0.207641
0.20764,0.20764
0.207639,0.207639
0.207639,0.207639
0.207637,0.207637
0.207637,0.207637
0.207635,0.207635
0.207634,0.207634
0.207632,0.207632
0.207632,0.207632
0.207629,0.207629
0.207628,0.207628
0.207628,0.207628
0.207626,0.207626
0.207626,0.207626
0.207626,0.207626
0.207625,0.207625
0.207624,0.207624
0.207623,0.207623
0.207622,0.207622
0.207622,0.207622
0.207621,0.207621
0.20762,0.20762
0.207619,0.207619
0.207618,0.207618
0.207618,0.207618
0.207617,0.207617
0.207617,0.207617
0.207616,0.207616
0.207615,0.207615
0.207615,0.207615
0.207614,0.207614
0.207614,0.207614
0.207613,0.207613
0.207612,0.207612
0.207612,0.207612
0.207611,0.207611
0.207609,0.207609
0.207608,0.207608
0.207606,0.207606
0.207606,0.207606
0.207604,0.207604
0.207604,0.207604
0.207603,0.207603
0.207601,0.207601
0.207601,0.207601
0.2076,0.2076
0.207598,0.207598
0.207597,0.207597
0.207597,0.207597
0.207595,0.207595
0.207594,0.207594
0.207592,0.207592
0.207591,0.207052
0.207591,0.207591
0.207591,0.207591
0.20759,0.20759
0.20759,0.20759
0.207589,0.207589
0.207588,0.207588
0.207587,0.207587
0.207586,0.207586
0.207586,0.207586
0.207586,0.207586
0.207585,0.207585
0.207585,0.207585
0.207585,0.207585
0.207585,0.207585
0.207585,0.207585
0.207584,0.207584
0.207583,0.207583
0.207583,0.207583
0.207582,0.207582
0.207582,0.207582
0.207581,0.207581
0.20758,0.20758
0.207578,0.207578
0.207576,0.207576
0.207572,0.207572
0.207572,0.207572
0.207571,0.207571
0.207571,0.207571
0.20757,0.20757
0.20757,0.20757
0.20757,0.20757
0.207568,0.207568
0.207567,0.207567
0.207566,0.207566
0.207565,0.207565
0.207563,0.207563
0.207561,0.207561
0.207561,0.207561
0.207559,0.207559
0.207557,0.207557
0.207556,0.207556
0.207555,0.207555
0.207555,0.207555
0.207554,0.207554
0.207554,0.207554
0.207554,0.207554
0.207553,0.207553
0.207553,0.207553
0.207551,0.207551
0.207551,0.207551
0.207551,0.207551
0.20755,0.20755
0.20755,0.20755
0.207549,0.207549
0.207549,0.207549
0.207548,0.207548
0.207546,0.207546
0.207544,0.207544
0.207543,0.207543
0.207543,0.207543
0.207542,0.207542
0.207541,0.207541
0.207541,0.207541
0.20754,0.20754
0.20754,0.20754
0.207539,0.207539
0.207539,0.207539
0.207537,0.207537
0.207536,0.207536
0.207528,0.207528
0.207527,0.207527
0.207526,0.207526
0.207525,0.207525
0.207523,0.207523
0.207523,0.207523
0.207522,0.207522
0.207522,0.207522
0.207522,0.207522
0.20752,0.20752
0.20752,0.20752
0.207519,0.207519
0.207519,0.207519
0.207518,0.207518
0.207518,0.207518
0.207517,0.207517
0.207516,0.207516
0.207516,0.207516
0.207515,0.207515
0.207514,0.207514
0.207513,0.207513
0.207513,0.207513
0.207512,0.207512
0.207512,0.207512
0.207511,0.207511
0.207511,0.207511
0.207509,0.207509
0.207509,0.207509
0.207508,0.207508
0.207505,0.207505
0.207505,0.207505
0.207503,0.207503
0.207502,0.207502
0.207502,0.207502
0.207501,0.207501
0.207499,0.207499
0.207497,0.207497
0.207495,0.207495
0.207493,0.207493
0.207491,0.207491
0.207491,0.207491
0.20749,0.20749
0.20749,0.20749
0.207489,0.207489
0.207489,0.207489
0.207488,0.207488
0.207488,0.207488
0.207488,0.207488
0.207488,0.207488
0.207486,0.207486
0.207486,0.207486
0.207486,0.207486
0.207482,0.207482
0.207482,0.207482
0.207481,0.207481
0.207481,0.207481
0.207481,0.207481
0.207479,0.207479
0.207479,0.207479
0.207477,0.207477
0.207477,0.207477
0.207477,0.207477
0.207475,0.207475
0.207471,0.207471
0.207471,0.207471
0.207471,0.207471
0.20747,0.20747
0.207469,0.207469
0.207469,0.207469
0.207468,0.207468
0.207468,0.207468
0.207468,0.207468
0.207467,0.207467
0.207467,0.207467
0.207465,0.207465
0.207465,0.207465
0.207464,0.207464
0.207463,0.207463
0.207463,0.207463
0.207462,0.207462
0.207462,0.207462
0.207461,0.207461
0.20746,0.20746
0.207458,0.207458
0.207457,0.207457
0.207456,0.207456
0.207456,0.207456
0.207455,0.207455
0.207454,0.207454
0.207454,0.207454
0.207453,0.207453
0.207452,0.207452
0.207451,0.207451
0.20745,0.20745
0.207449,0.207449
0.207448,0.207448
0.207448,0.207448
0.207447,0.207447
0.207446,0.207446
0.207445,0.207445
0.207445,0.207445
0.207443,0.207443
0.207443,0.207443
0.207443,0.207443
0.207442,0.207442
0.207441,0.207441
0.207441,0.207441
0.20744,0.20744
0.20744,0.20744
0.207437,0.207437
0.207436,0.207436
0.207436,0.207436
0.207435,0.207435
0.207435,0.207435
0.207433,0.207433
0.207431,0.207431
0.207427,0.207427
0.207426,0.207426
0.207426,0.207426
0.207425,0.207425
0.207425,0.207425
0.207424,0.207424
0.207423,0.207423
0.207423,0.207423
0.207422,0.207422
0.207422,0.207422
0.207421,0.207421
0.207421,0.207421
0.20742,0.20742
0.207417,0.207417
0.207416,0.207416
0.207415,0.207415
0.207415,0.207415
0.207415,0.207415
0.207413,0.207413
0.207411,0.207411
0.207411,0.207411
0.20741,0.20741
0.20741,0.20741
0.20741,0.20741
0.207408,0.207408
0.207408,0.207408
0.207408,0.207408
0.207407,0.207407
0.207406,0.207406
0.207404,0.207404
0.207404,0.207404
0.207403,0.207403
0.207401,0.207401
0.207401,0.207401
0.2074,0.2074
0.2074,0.2074
0.2074,0.2074
0.207399,0.207399
0.207398,0.207398
0.207397,0.207397
0.207397,0.207397
0.207396,0.207396
0.207395,0.207395
0.207394,0.207394
0.207394,0.207394
0.207393,0.207393
0.207393,0.207393
0.207392,0.207392
0.207392,0.207392
0.207391,0.207391
0.207391,0.207391
0.20739,0.20739
0.20739,0.20739
0.207389,0.207389
0.207389,0.207389
0.207387,0.207387
0.207387,0.207387
0.207387,0.207387
0.207386,0.207386
0.207385,0.207385
0.207384,0.207384
0.207382,0.207382
0.207382,0.207382
0.207381,0.207381
0.207378,0.207378
0.207377,0.207377
0.207377,0.207377
0.207375,0.207375
0.207375,0.207375
0.207374,0.207374
0.207374,0.207374
0.207373,0.207373
0.207371,0.207371
0.20737,0.20737
0.207369,0.207369
0.207368,0.207368
0.207367,0.207367
0.207366,0.207366
0.207365,0.207365
0.207365,0.207365
0.207364,0.207364
0.207364,0.207364
0.207364,0.207364
0.207364,0.207364
0.207363,0.207363
0.207361,0.207361
0.20736,0.20736
0.207359,0.207359
0.207357,0.207357
0.207356,0.207356
0.207354,0.207354
0.207352,0.207352
0.207352,0.207352
0.207352,0.207352
0.207351,0.207351
0.207349,0.207349
0.207349,0.207349
0.207348,0.207348
0.207348,0.207348
0.207347,0.207347
0.207346,0.207346
0.207346,0.207346
0.207346,0.207346
0.207344,0.207344
0.207343,0.207343
0.207342,0.207342
0.207341,0.207341
0.207341,0.207341
0.20734,0.20734
0.207338,0.207338
0.207337,0.207337
0.207337,0.207337
0.207337,0.207337
0.207336,0.207336
0.207335,0.207335
0.207332,0.207332
0.207331,0.207331
0.207331,0.207331
0.20733,0.20733
0.207329,0.207329
0.207328,0.207328
0.207328,0.207328
0.207327,0.207327
0.207326,0.207326
0.207323,0.207323
0.207323,0.207323
0.207321,0.207321
0.207318,0.207318
0.207318,0.207318
0.207318,0.207318
0.207318,0.207318
0.207317,0.207317
0.207317,0.207317
0.207317,0.207317
0.207316,0.207316
0.207315,0.207315
0.207312,0.207312
0.207312,0.207312
0.207307,0.207307
0.207306,0.207306
0.207306,0.207306
0.207302,0.207302
0.207302,0.207302
0.207302,0.207302
0.207301,0.207301
0.207301,0.207301
0.2073,0.2073
0.207297,0.207297
0.20729,0.20729
0.207289,0.207289
0.207288,0.207288
0.207288,0.207288
0.207287,0.207287
0.207286,0.207286
0.207285,0.207285
0.207284,0.207284
0.207283,0.207283
0.207282,0.207282
0.207282,0.207282
0.20728,0.20728
0.207273,0.207273
0.207272,0.207272
0.207272,0.207272
0.207271,0.207271
0.207269,0.207269
0.207269,0.207269
0.207267,0.207267
0.207266,0.207266
0.207266,0.207266
0.207266,0.207266
0.207265,0.207265
0.207264,0.207264
0.207262,0.207262
0.207262,0.207262
0.207261,0.207261
0.207261,0.207261
0.20726,0.20726
0.207259,0.207259
0.207257,0.207257
0.207256,0.206521
0.207256,0.207256
0.207256,0.207256
0.207255,0.207255
0.207253,0.207253
0.207253,0.207253
0.207253,0.207253
0.207252,0.207252
0.207247,0.207247
0.207246,0.207246
0.207245,0.207245
0.207244,0.207244
0.207244,0.207244
0.207243,0.207243
0.207242,0.207242
0.207242,0.207242
0.207242,0.207242
0.207241,0.207241
0.207241,0.207241
0.207239,0.207239
0.207239,0.207239
0.207239,0.207239
0.207238,0.207238
0.207237,0.207237
0.207236,0.207236
0.207236,0.207236
0.207235,0.207235
0.207234,0.207234
0.207231,0.207231
0.20723,0.20723
0.20723,0.20723
0.207229,0.207229
0.207228,0.207228
0.207225,0.207225
0.207225,0.207225
0.207225,0.207225
0.207224,0.207224
0.207223,0.207223
0.207223,0.207223
0.20722,0.20722
0.207218,0.207218
0.207218,0.207218
0.207218,0.207218
0.207218,0.207218
0.207217,0.207217
0.207217,0.207217
0.207215,0.207215
0.207213,0.207213
0.207212,0.207212
0.207212,0.207212
0.207212,0.207212
0.207212,0.207212
0.207211,0.207211
0.207209,0.207209
0.207207,0.207207
0.207207,0.207207
0.207206,0.207206
0.207205,0.207205
0.207205,0.207205
0.207204,0.207204
0.207202,0.207202
0.2072,0.2072
0.2072,0.2072
0.207197,0.207197
0.207194,0.207194
0.207193,0.207193
0.207193,0.207193
0.207193,0.207193
0.207191,0.207191
0.207191,0.207191
0.20719,0.20719
0.207189,0.207189
0.207187,0.207187
0.207186,0.207186
0.207185,0.207185
0.207185,0.207185
0.207182,0.207182
0.207182,0.207182
0.207182,0.207182
0.207182,0.207182
0.207181,0.207181
0.207178,0.207178
0.207178,0.207178
0.207177,0.207177
0.207176,0.207176
0.207175,0.207175
0.207174,0.207174
0.207174,0.207174
0.207174,0.207174
0.207174,0.207174
0.207173,0.207173
0.207173,0.207173
0.207171,0.207171
0.207171,0.207171
0.20717,0.20717
0.20717,0.20717
0.207168,0.207168
0.207167,0.207167
0.207166,0.207166
0.207166,0.207166
0.207165,0.207165
0.207164,0.207164
0.207164,0.207164
0.207163,0.207163
0.207163,0.207163
0.207161,0.207161
0.207159,0.207159
0.207159,0.207159
0.207158,0.207158
0.207158,0.207158
0.207155,0.207155
0.207155,0.207155
0.207154,0.207154
0.207153,0.207153
0.207151,0.207151
0.20715,0.20715
0.20715,0.20715
0.207148,0.207148
0.207147,0.207147
0.207147,0.207147
0.207147,0.207147
0.207145,0.207145
0.207144,0.207144
0.207144,0.207144
0.207142,0.207142
0.207142,0.207142
0.20714,0.20714
0.20714,0.20714
0.207134,0.207134
0.207133,0.207133
0.207132,0.207132
0.207132,0.207132
0.207132,0.207132
0.207131,0.207131
0.20713,0.20713
0.20713,0.20713
0.207129,0.207129
0.207128,0.207128
0.207127,0.207127
0.207126,0.207126
0.207126,0.207126
0.207125,0.207125
0.207121,0.207121
0.20712,0.20712
0.20712,0.20712
0.207118,0.207118
0.207114,0.207114
0.207114,0.207114
0.207113,0.207113
0.20711,0.20711
0.207109,0.207109
0.207106,0.207106
0.207104,0.207104
0.207104,0.207104
0.207103,0.207103
0.2071,0.2071
0.2071,0.2071
0.207098,0.207098
0.207098,0.207098
0.207098,0.207098
0.207096,0.207096
0.207095,0.207095
0.207094,0.207094
0.207094,0.207094
0.207092,0.207092
0.207092,0.207092
0.207092,0.207092
0.207091,0.207091
0.207089,0.207089
0.207089,0.207089
0.207088,0.207088
0.207086,0.207086
0.207085,0.207085
0.207085,0.207085
0.207084,0.207084
0.207083,0.207083
0.207082,0.207082
0.207081,0.207081
0.20708,0.20708
0.207076,0.207076
0.207076,0.207076
0.207075,0.207075
0.207074,0.207074
0.207074,0.207074
0.207071,0.207071
0.207071,0.207071
0.207069,0.207069
0.207068,0.207068
0.207067,0.207067
0.207066,0.207066
0.207066,0.207066
0.207065,0.207065
0.207064,0.207064
0.207063,0.207063
0.207063,0.207063
0.207062,0.207062
0.207061,0.207061
0.207061,0.207061
0.207059,0.207059
0.207058,0.207058
0.207057,0.207057
0.207055,0.207055
0.207055,0.207055
0.207055,0.207055
0.207054,0.207054
0.207053,0.207053
0.207051,0.207051
0.20705,0.20705
0.207048,0.207048
0.207047,0.207047
0.207046,0.207046
0.207045,0.207045
0.207044,0.207044
0.207044,0.207044
0.207044,0.207044
0.207044,0.207044
0.207042,0.207042
0.207041,0.207041
0.207041,0.207041
0.207038,0.207038
0.207037,0.207037
0.207037,0.207037
0.207036,0.207036
0.207036,0.207036
0.207035,0.207035
0.207034,0.207034
0.207033,0.207033
0.207033,0.207033
0.207032,0.207032
0.207032,0.207032
0.207032,0.207032
0.207027,0.207027
0.207026,0.207026
0.207026,0.207026
0.207026,0.207026
0.207025,0.207025
0.207024,0.207024
0.207024,0.207024
0.207023,0.207023
0.207023,0.207023
0.207022,0.207022
0.207022,0.207022
0.20702,0.20702
0.20702,0.20702
0.207019,0.207019
0.207019,0.207019
0.207018,0.207018
0.207015,0.207015
0.207015,0.207015
0.207013,0.207013
0.207013,0.207013
0.207012,0.207012
0.207011,0.207011
0.207011,0.207011
0.20701,0.20701
0.20701,0.20701
0.207009,0.207009
0.207009,0.207009
0.207007,0.207007
0.207007,0.207007
0.207006,0.207006
0.207005,0.207005
0.207005,0.207005
0.207004,0.207004
0.207003,0.207003
0.207003,0.207003
0.207003,0.207003
0.207002,0.207002
0.207001,0.207001
0.207001,0.207001
0.207,0.207
0.207,0.207
0.207,0.207
0.207,0.207
0.206997,0.206997
0.206996,0.206996
0.206996,0.206996
0.206995,0.206995
0.206994,0.206994
0.206994,0.206994
0.206994,0.206994
0.206994,0.206994
0.206993,0.206993
0.206993,0.206993
0.206992,0.206992
0.206991,0.206991
0.206991,0.206991
0.20699,0.20699
0.206989,0.206989
0.206982,0.206982
0.206982,0.206982
0.206981,0.206981
0.206981,0.206981
0.20698,0.20698
0.206979,0.206979
0.206978,0.206978
0.206978,0.206978
0.206976,0.206976
0.206974,0.206974
0.206974,0.206974
0.206974,0.206974
0.206973,0.206973
0.206971,0.206971
0.20697,0.20697
0.20697,0.20697
0.206968,0.206968
0.206967,0.206967
0.206966,0.206966
0.206966,0.206966
0.206965,0.206965
0.206964,0.206964
0.206963,0.206963
0.206963,0.206963
0.206963,0.206963
0.206962,0.206962
0.206961,0.206961
0.206959,0.206959
0.206959,0.206959
0.206958,0.206958
0.206958,0.206958
0.206958,0.206958
0.206957,0.206957
0.206957,0.206957
0.206957,0.206957
0.206957,0.206957
0.206955,0.206955
0.206954,0.206954
0.206954,0.206954
0.206953,0.206953
0.206951,0.206951
0.206951,0.206951
0.206951,0.206951
0.20695,0.20695
0.20695,0.20695
0.206949,0.206949
0.206948,0.206948
0.206948,0.206948
0.206948,0.206948
0.206947,0.206947
0.206936,0.206936
0.206936,0.206936
0.206936,0.206936
0.206934,0.206934
0.206933,0.206933
0.206932,0.206932
0.206932,0.206932
0.206931,0.206931
0.20693,0.20693
0.20693,0.20693
0.206928,0.206928
0.206928,0.206928
0.206928,0.206928
0.206927,0.206927
0.206927,0.206927
0.206927,0.206927
0.206925,0.206925
0.206924,0.206924
0.206924,0.206924
0.206924,0.206924
0.206923,0.206923
0.206922,0.206922
0.206919,0.206919
0.206918,0.206918
0.206917,0.206917
0.206917,0.206917
0.206917,0.206917
0.206916,0.206916
0.206914,0.206914
0.206912,0.206912
0.206911,0.206911
0.20691,0.20691
0.206908,0.206908
0.206907,0.206907
0.206907,0.206907
0.206904,0.206904
0.206903,0.206903
0.206902,0.206902
0.2069,0.2069
0.206899,0.206899
0.206897,0.206897
0.206897,0.206897
0.206896,0.206896
0.206895,0.206895
0.206894,0.206894
0.206893,0.206893
0.206892,0.206892
0.206889,0.206889
0.206887,0.206887
0.206886,0.206886
0.206885,0.206885
0.206885,0.206885
0.206883,0.206883
0.206882,0.206882
0.20688,0.20688
0.20688,0.20688
0.20688,0.20688
0.20688,0.20688
0.20688,0.20688
0.206879,0.206879
0.206876,0.206876
0.206875,0.206875
0.206874,0.206874
0.206872,0.206872
0.206871,0.206871
0.20687,0.20687
0.206869,0.206869
0.206868,0.206868
0.206868,0.206868
0.206868,0.206868
0.206867,0.206867
0.206867,0.206867
0.206866,0.206866
0.206863,0.206863
0.206862,0.206862
0.206862,0.206862
0.206861,0.206861
0.20686,0.20686
0.20686,0.20686
0.20686,0.20686
0.206859,0.206859
0.206858,0.206858
0.206858,0.206858
0.206857,0.206857
0.206855,0.206855
0.206855,0.206855
0.206854,0.206854
0.206852,0.206852
0.206849,0.206849
0.206848,0.206848
0.206847,0.206847
0.206845,0.206845
0.206844,0.206844
0.206843,0.206843
0.206842,0.206842
0.206842,0.206842
0.20684,0.20684
0.206837,0.206837
0.206836,0.206836
0.206836,0.206836
0.206836,0.206836
0.206836,0.206836
0.206836,0.206836
0.206834,0.206834
0.206834,0.206834
0.206834,0.206834
0.206833,0.206833
0.206832,0.206832
0.206831,0.206831
0.206829,0.206829
0.206828,0.206828
0.206827,0.206827
0.206826,0.206826
0.206826,0.206826
0.206826,0.206826
0.206822,0.206822
0.20682,0.20682
0.20682,0.20682
0.206818,0.206818
0.206818,0.206818
0.206816,0.206816
0.206816,0.206816
0.206816,0.206816
0.206815,0.206815
0.206813,0.206813
0.206811,0.206811
0.206811,0.206811
0.20681,0.20681
0.206809,0.206809
0.206808,0.206808
0.206807,0.206807
0.206806,0.206806
0.206806,0.206806
0.206804,0.206804
0.206804,0.206804
0.206803,0.206803
0.206803,0.206803
0.206803,0.206803
0.206802,0.206802
0.206802,0.206802
0.206801,0.206801
0.206801,0.206801
0.2068,0.2068
0.206799,0.206799
0.206798,0.206798
0.206798,0.206798
0.206797,0.206797
0.206796,0.206796
0.206796,0.206796
0.206794,0.206794
0.206793,0.206793
0.206792,0.206792
0.206792,0.206792
0.206791,0.206791
0.206791,0.206791
0.206791,0.206791
0.206788,0.206788
0.206788,0.206788
0.206787,0.206787
0.206785,0.206785
0.206785,0.206785
0.206784,0.206784
0.206782,0.206782
0.206781,0.206781
0.20678,0.20678
0.206779,0.206779
0.206776,0.206776
0.206774,0.206774
0.206773,0.206773
0.206769,0.206769
0.206769,0.206769
0.206768,0.206768
0.206767,0.206767
0.206767,0.206767
0.206766,0.206766
0.206766,0.206766
0.206765,0.206765
0.206764,0.206764
0.206763,0.206763
0.206762,0.206762
0.206759,0.206759
0.206758,0.206758
0.206757,0.206757
0.206757,0.206757
0.206756,0.206756
0.206753,0.206753
0.206751,0.206224
0.206751,0.206751
0.20675,0.20675
0.20675,0.20675
0.206749,0.206749
0.206748,0.206748
0.206747,0.206747
0.206747,0.206747
0.206746,0.206746
0.206746,0.206746
0.206746,0.206746
0.206745,0.206745
0.206745,0.206745
0.206744,0.206744
0.206743,0.206743
0.206742,0.206742
0.20674,0.20674
0.206739,0.206739
0.206739,0.206739
0.206739,0.206739
0.206738,0.206738
0.206737,0.206737
0.206735,0.206735
0.206733,0.206733
0.206732,0.206732
0.206732,0.206732
0.206731,0.206731
0.20673,0.20673
0.206729,0.206729
0.206728,0.206728
0.206728,0.206728
0.206726,0.206726
0.206726,0.206726
0.206726,0.206726
0.206725,0.206725
0.206725,0.206725
0.206724,0.206724
0.206724,0.206724
0.206724,0.206724
0.206723,0.206723
0.206723,0.206723
0.206722,0.206722
0.206721,0.206721
0.206721,0.206721
0.20672,0.20672
0.20672,0.20672
0.20672,0.20672
0.206717,0.206717
0.206717,0.206717
0.206717,0.206717
0.206717,0.206717
0.206716,0.206716
0.206716,0.206716
0.206714,0.206714
0.206713,0.206713
0.206712,0.206712
0.206712,0.206712
0.206711,0.206711
0.206711,0.206711
0.206707,0.206707
0.206705,0.206705
0.206704,0.206704
0.206704,0.206704
0.206704,0.206704
0.206704,0.206704
0.206703,0.206703
0.206702,0.206702
0.2067,0.2067
0.206699,0.206699
0.206698,0.206698
0.206696,0.206696
0.206696,0.206696
0.206696,0.206696
0.206695,0.206695
0.206694,0.206694
0.206691,0.206691
0.20669,0.20669
0.20669,0.20669
0.20669,0.20669
0.206689,0.206689
0.206689,0.206689
0.206688,0.206688
0.206688,0.206688
0.206686,0.206686
0.206686,0.206686
0.206684,0.206684
0.206683,0.206683
0.206682,0.206682
0.206681,0.206681
0.206681,0.206681
0.206679,0.206679
0.206678,0.206678
0.206676,0.206676
0.206676,0.206676
0.206675,0.206675
0.206675,0.206675
0.206674,0.206674
0.206674,0.206674
0.206673,0.206673
0.206673,0.206673
0.206673,0.206673
0.206672,0.206672
0.206672,0.206672
0.206671,0.206671
0.20667,0.20667
0.206669,0.206669
0.206668,0.206668
0.206666,0.206666
0.206664,0.206664
0.206662,0.206662
0.206662,0.206662
0.206662,0.206662
0.20666,0.20666
0.20666,0.20666
0.206659,0.206659
0.206658,0.206658
0.206658,0.206658
0.206658,0.206658
0.206658,0.206658
0.206657,0.206657
0.206656,0.206656
0.206655,0.206655
0.206653,0.206653
0.206652,0.206652
0.206652,0.206652
0.20665,0.20665
0.206648,0.206648
0.206647,0.206647
0.206646,0.206646
0.206645,0.206645
0.206645,0.206645
0.206645,0.206645
0.206644,0.206644
0.206644,0.206644
0.206643,0.206643
0.206643,0.206643
0.206642,0.206642
0.206642,0.206642
0.206641,0.206641
0.20664,0.20664
0.206639,0.206639
0.206639,0.206639
0.206638,0.206638
0.206637,0.206637
0.206637,0.206637
0.206634,0.206634
0.206633,0.206633
0.206632,0.206632
0.206631,0.206631
0.206631,0.206631
0.20663,0.20663
0.206629,0.206629
0.206629,0.206629
0.206628,0.206628
0.206627,0.206627
0.206627,0.206627
0.206624,0.206624
0.206623,0.206623
0.206623,0.206623
0.206623,0.206623
0.206622,0.206622
0.206621,0.206621
0.206619,0.206619
0.206618,0.206618
0.206618,0.206618
0.206618,0.206618
0.206617,0.206617
0.206616,0.206616
0.206616,0.206616
0.206615,0.206615
0.206614,0.206614
0.206612,0.206612
0.206612,0.206612
0.206611,0.206611
0.206608,0.206608
0.206607,0.206607
0.206606,0.206606
0.206605,0.206605
0.206604,0.206604
0.206603,0.206603
0.206602,0.206602
0.206601,0.206601
0.206601,0.206601
0.2066,0.2066
0.206599,0.206599
0.206598,0.206598
0.206598,0.206598
0.206598,0.206598
0.206597,0.206597
0.206593,0.206593
0.206591,0.206591
0.20659,0.20659
0.206589,0.206589
0.206589,0.206589
0.206588,0.206588
0.206587,0.206587
0.206587,0.206587
0.206587,0.206587
0.206587,0.206587
0.206586,0.206586
0.206584,0.206584
0.206584,0.206584
0.206584,0.206584
0.206584,0.206584
0.206584,0.206584
0.206583,0.206583
0.206583,0.206583
0.206583,0.206583
0.206583,0.206583
0.206583,0.206583
0.206583,0.206583
0.206582,0.206582
0.206581,0.206581
0.20658,0.20658
0.206579,0.206579
0.206577,0.206577
0.206577,0.206577
0.206576,0.206576
0.206572,0.206572
0.206571,0.206571
0.206571,0.206571
0.206566,0.206566
0.206565,0.206565
0.206564,0.206564
0.206564,0.206564
0.206562,0.206562
0.206562,0.206562
0.206561,0.206561
0.206561,0.206561
0.20656,0.20656
0.20656,0.20656
0.206559,0.206559
0.206557,0.206557
0.206555,0.206555
0.206554,0.206554
0.206554,0.206554
0.206553,0.206553
0.206552,0.206552
0.20655,0.20655
0.20655,0.20655
0.206549,0.206549
0.206549,0.206549
0.206549,0.206549
0.206548,0.206548
0.206547,0.206547
0.206546,0.206546
0.206546,0.206546
0.206545,0.206545
0.206544,0.206544
0.206543,0.206543
0.206543,0.206543
0.206541,0.206541
0.20654,0.20654
0.206539,0.206539
0.206536,0.206536
0.206536,0.206536
0.206534,0.206534
0.206532,0.206532
0.206532,0.206532
0.206531,0.206531
0.206531,0.206531
0.20653,0.20653
0.20653,0.20653
0.206529,0.206529
0.206529,0.206529
0.206529,0.206529
0.206527,0.206527
0.206527,0.206527
0.206526,0.206526
0.206525,0.206525
0.206525,0.206525
0.206525,0.206525
0.206524,0.206524
0.206524,0.206524
0.206523,0.206523
0.206522,0.206522
0.20652,0.20652
0.206518,0.206518
0.206517,0.206517
0.206517,0.206517
0.206516,0.206516
0.206516,0.206516
0.206515,0.206515
0.206514,0.206514
0.206514,0.206514
0.206514,0.206514
0.206513,0.206513
0.206513,0.206513
0.206511,0.206511
0.206511,0.206511
0.20651,0.20651
0.206508,0.206508
0.206506,0.206506
0.206506,0.206506
0.206506,0.206506
0.206505,0.206505
0.206504,0.206504
0.206503,0.206503
0.206503,0.206503
0.2065,0.2065
0.206498,0.206498
0.206497,0.206497
0.206497,0.206497
0.206497,0.206497
0.206497,0.206497
0.206497,0.206497
0.206496,0.206496
0.206495,0.206495
0.206495,0.206495
0.206494,0.206494
0.206491,0.206491
0.206491,0.206491
0.20649,0.20649
0.206489,0.206489
0.206489,0.206489
0.206488,0.206488
0.206487,0.206487
0.206487,0.206487
0.206486,0.206486
0.206484,0.206484
0.206484,0.206484
0.206484,0.206484
0.206483,0.206483
0.206483,0.206483
0.206482,0.206482
0.20648,0.20648
0.20648,0.20648
0.206477,0.206477
0.206476,0.206476
0.206475,0.206475
0.206474,0.206474
0.206474,0.206474
0.206473,0.206473
0.206472,0.206472
0.206472,0.206472
0.206472,0.206472
0.20647,0.20647
0.20647,0.20647
0.206468,0.206468
0.206467,0.206467
0.206467,0.206467
0.206465,0.206465
0.206465,0.206465
0.206465,0.206465
0.206464,0.206464
0.206464,0.206464
0.206463,0.206463
0.206463,0.206463
0.206462,0.206462
0.206461,0.206461
0.206461,0.206461
0.20646,0.20646
0.206459,0.206459
0.206458,0.206458
0.206457,0.206457
0.206457,0.206457
0.206455,0.206455
0.206454,0.206454
0.206453,0.206453
0.206452,0.206452
0.206452,0.206452
0.206452,0.206452
0.20645,0.20645
0.206449,0.206449
0.206447,0.206447
0.206447,0.206447
0.206446,0.206446
0.206444,0.206444
0.206443,0.206443
0.206442,0.206442
0.206442,0.206442
0.206441,0.206441
0.206441,0.206441
0.206441,0.206441
0.20644,0.20644
0.206439,0.206439
0.206437,0.206437
0.206434,0.206434
0.206434,0.206434
0.206433,0.206433
0.206431,0.206431
0.20643,0.20643
0.20643,0.20643
0.206429,0.206429
0.206429,0.206429
0.206428,0.206428
0.206426,0.206426
0.206426,0.206426
0.206426,0.206426
0.206425,0.206425
0.206424,0.206424
0.206423,0.206423
0.206423,0.206423
0.206423,0.206423
0.206422,0.206422
0.206421,0.206421
0.206421,0.206421
0.206421,0.206421
0.20642,0.20642
0.206418,0.206418
0.206418,0.206418
0.206416,0.206416
0.206416,0.206416
0.206415,0.206415
0.206415,0.206415
0.206415,0.206415
0.206414,0.206414
0.206413,0.206413
0.206413,0.206413
0.206413,0.206413
0.206413,0.206413
0.206413,0.206413
0.206412,0.206412
0.206412,0.206412
0.20641,0.20641
0.20641,0.20641
0.206409,0.206409
0.206409,0.206409
0.206409,0.206409
0.206409,0.206409
0.206409,0.206409
0.206407,0.206407
0.206407,0.206407
0.206407,0.206407
0.206406,0.206406
0.206406,0.206406
0.206405,0.206405
0.206405,0.206405
0.206402,0.206402
0.2064,0.2064
0.206399,0.206399
0.206399,0.206399
0.206399,0.206399
0.206398,0.206398
0.206397,0.206397
0.206397,0.206397
0.206395,0.206395
0.206395,0.206395
0.206395,0.206395
0.20639,0.20639
0.20639,0.20639
0.206388,0.206388
0.206387,0.206387
0.206387,0.206387
0.206385,0.206385
0.206384,0.206384
0.206382,0.206382
0.206382,0.206382
0.206382,0.206382
0.206381,0.206381
0.206381,0.206381
0.206381,0.206381
0.20638,0.20638
0.206379,0.206379
0.206379,0.206379
0.206377,0.206377
0.206376,0.206376
0.206376,0.206376
0.206374,0.206374
0.206373,0.206373
0.206371,0.206371
0.206371,0.206371
0.20637,0.20637
0.206369,0.206369
0.206368,0.206368
0.206368,0.206368
0.206367,0.206367
0.206365,0.206365
0.206364,0.206364
0.206363,0.206363
0.206363,0.206363
0.206362,0.206362
0.206361,0.206361
0.20636,0.20636
0.206359,0.206359
0.206359,0.206359
0.206358,0.206358
0.206357,0.206357
0.206357,0.206357
0.206356,0.206356
0.206355,0.206355
0.206354,0.206354
0.206351,0.206351
0.206351,0.206351
0.206349,0.206349
0.206349,0.206349
0.206348,0.206348
0.206347,0.206347
0.206347,0.206347
0.206347,0.206347
0.206347,0.206347
0.206346,0.206346
0.206345,0.206345
0.206344,0.206344
0.206343,0.206343
0.206343,0.206343
0.206341,0.206341
0.20634,0.20634
0.206339,0.206339
0.206338,0.206338
0.206338,0.206338
0.206338,0.206338
0.206337,0.206337
0.206336,0.206336
0.206335,0.206335
0.206334,0.206334
0.206334,0.206334
0.206334,0.206334
0.206333,0.206333
0.206333,0.206333
0.206332,0.206332
0.206332,0.206332
0.206331,0.206331
0.206331,0.206331
0.20633,0.20633
0.206329,0.206329
0.206328,0.206328
0.206326,0.206326
0.206326,0.206326
0.206325,0.206325
0.206323,0.206323
0.206323,0.206323
0.206322,0.206322
0.206321,0.206321
0.20632,0.20632
0.20632,0.20632
0.206319,0.206319
0.206315,0.206315
0.206314,0.206314
0.206314,0.206314
0.206314,0.206314
0.206312,0.206312
0.206312,0.206312
0.206309,0.206309
0.206309,0.206309
0.206308,0.206308
0.206306,0.206306
0.206306,0.206306
0.206305,0.206305
0.206305,0.206305
0.206304,0.206304
0.206304,0.206304
0.206301,0.206301
0.2063,0.2063
0.206299,0.206299
0.206292,0.206292
0.206292,0.206292
0.206289,0.206289
0.206288,0.206288
0.206287,0.206287
0.206286,0.206286
0.206286,0.206286
0.206284,0.206284
0.206284,0.206284
0.206284,0.206284
0.20628,0.20628
0.20628,0.20628
0.20628,0.20628
0.206279,0.206279
0.206279,0.206279
0.206278,0.206278
0.206277,0.206277
0.206275,0.206275
0.206275,0.206275
0.206274,0.206274
0.206272,0.206272
0.206272,0.206272
0.206272,0.206272
0.206269,0.206269
0.206269,0.206269
0.206267,0.206267
0.206267,0.206267
0.206267,0.206267
0.206266,0.206266
0.206266,0.206266
0.206264,0.206264
0.206264,0.206264
0.206263,0.206263
0.206263,0.206263
0.206262,0.206262
0.206262,0.206262
0.206262,0.206262
0.20626,0.20626
0.206259,0.206259
0.206259,0.206259
0.206254,0.206254
0.206254,0.206254
0.206253,0.206253
0.206253,0.206253
0.206253,0.206253
0.206253,0.206253
0.206253,0.206253
0.20625,0.20625
0.20625,0.20625
0.206244,0.206244
0.206244,0.206244
0.206242,0.206242
0.206242,0.206242
0.206242,0.206242
0.206242,0.206242
0.206242,0.206242
0.206241,0.206241
0.206241,0.206241
0.20624,0.20624
0.20624,0.20624
0.206239,0.206239
0.206239,0.206239
0.206239,0.206239
0.206238,0.206238
0.206238,0.206238
0.206237,0.206237
0.206237,0.206237
0.206237,0.206237
0.206236,0.206236
0.206234,0.206234
0.206234,0.206234
0.206234,0.206234
0.206234,0.206234
0.206233,0.206233
0.206233,0.206233
0.206232,0.206232
0.20623,0.20623
0.206229,0.206229
0.206228,0.206228
0.206227,0.206227
0.206227,0.206227
0.206225,0.206225
0.206224,0.206224
0.206219,0.206219
0.206219,0.206219
0.206219,0.206219
0.206218,0.206218
0.206218,0.206218
0.206217,0.206217
0.206216,0.206216
0.206216,0.206216
0.206216,0.206216
0.206215,0.206215
0.206214,0.206214
0.206213,0.206213
0.206213,0.206213
0.20621,0.20621
0.206209,0.206209
0.206209,0.206209
0.206209,0.206209
0.206208,0.206208
0.206207,0.206207
0.206206,0.206206
0.206204,0.206204
0.206202,0.206202
0.206201,0.206201
0.206199,0.206199
0.206197,0.206197
0.206195,0.206195
0.206195,0.206195
0.206192,0.206192
0.206192,0.206192
0.206191,0.206191
0.206191,0.206191
0.20619,0.20619
0.20619,0.20619
0.206189,0.206189
0.206188,0.206188
0.206187,0.206187
0.206187,0.206187
0.206186,0.206186
0.206186,0.206186
0.206184,0.206184
0.206184,0.206184
0.206184,0.206184
0.206183,0.206183
0.206181,0.206181
0.206181,0.206181
0.20618,0.20618
0.206179,0.206179
0.206179,0.206179
0.206179,0.206179
0.206175,0.206175
0.206174,0.206174
0.206174,0.206174
0.206173,0.206173
0.206173,0.206173
0.206173,0.206173
0.20617,0.20617
0.20617,0.20617
0.206169,0.206169
0.206169,0.206169
0.206168,0.206168
0.206166,0.206166
0.206166,0.206166
0.206166,0.206166
0.206165,0.206165
0.206165,0.206165
0.206165,0.206165
0.206163,0.206163
0.206163,0.206163
0.206163,0.206163
0.206162,0.206162
0.206162,0.206162
0.206161,0.206161
0.206161,0.206161
0.20616,0.20616
0.20616,0.20616
0.20616,0.20616
0.206159,0.206159
0.206158,0.206158
0.206157,0.206157
0.206157,0.206157
0.206156,0.206156
0.206156,0.206156
0.206156,0.206156
0.206156,0.206156
0.206154,0.206154
0.206154,0.206154
0.206153,0.206153
0.206153,0.206153
0.206149,0.206149
0.206149,0.206149
0.206149,0.206149
0.206147,0.206147
0.206147,0.206147
0.206146,0.206146
0.206146,0.206146
0.206145,0.206145
0.206145,0.206145
0.206144,0.206144
0.206143,0.206143
0.206143,0.206143
0.206141,0.206141
0.206141,0.206141
0.206139,0.206139
0.206139,0.206139
0.206138,0.206138
0.206137,0.206137
0.206137,0.206137
0.206136,0.206136
0.206136,0.206136
0.206136,0.206136
0.206136,0.206136
0.206135,0.206135
0.206134,0.206134
0.206132,0.206132
0.206132,0.206132
0.206131,0.206131
0.20613,0.20613
0.206129,0.206129
0.206126,0.206126
0.206126,0.206126
0.206125,0.206125
0.206124,0.206124
0.206124,0.206124
0.206123,0.206123
0.206122,0.206122
0.206122,0.206122
0.206121,0.206121
0.206119,0.206119
0.206119,0.206119
0.206119,0.206119
0.206119,0.206119
0.206117,0.206117
0.206117,0.206117
0.206115,0.206115
0.206115,0.206115
0.206114,0.206114
0.206114,0.206114
0.206113,0.206113
0.206112,0.206112
0.20611,0.20611
0.20611,0.20611
0.206109,0.206109
0.206107,0.206107
0.206107,0.206107
0.206106,0.206106
0.206104,0.206104
0.206102,0.206102
0.206102,0.206102
0.2061,0.2061
0.206099,0.206099
0.206098,0.206098
0.206094,0.206094
0.206094,0.206094
0.206094,0.206094
0.206093,0.206093
0.206093,0.206093
0.20609,0.20609
0.20609,0.20609
0.206089,0.206089
0.206088,0.206088
0.206088,0.206088
0.206087,0.206087
0.206086,0.205133
0.206086,0.206086
0.206084,0.206084
0.206084,0.206084
0.206084,0.206084
0.206083,0.206083
0.206082,0.206082
0.206081,0.206081
0.206081,0.206081
0.206079,0.206079
0.206079,0.206079
0.206076,0.206076
0.206076,0.206076
0.206075,0.206075
0.206074,0.206074
0.206072,0.206072
0.206071,0.206071
0.20607,0.20607
0.206068,0.206068
0.206066,0.206066
0.206066,0.206066
0.206065,0.206065
0.206064,0.206064
0.206063,0.206063
0.206062,0.206062
0.206062,0.206062
0.206059,0.206059
0.206059,0.206059
0.206058,0.206058
0.206058,0.206058
0.206058,0.206058
0.206058,0.206058
0.206055,0.206055
0.206054,0.206054
0.206053,0.206053
0.206053,0.206053
0.206051,0.206051
0.206051,0.206051
0.206051,0.206051
0.206051,0.206051
0.206049,0.206049
0.206048,0.206048
0.206048,0.206048
0.206047,0.206047
0.206047,0.206047
0.206047,0.206047
0.206047,0.206047
0.206046,0.206046
0.206045,0.206045
0.206045,0.206045
0.206045,0.206045
0.206044,0.206044
0.206043,0.206043
0.206041,0.206041
0.206041,0.206041
0.20604,0.20604
0.206039,0.206039
0.206036,0.206036
0.206036,0.206036
0.206036,0.206036
0.206035,0.206035
0.206034,0.206034
0.206033,0.206033
0.206033,0.206033
0.206032,0.206032
0.206032,0.206032
0.206026,0.206026
0.206026,0.206026
0.206025,0.206025
0.206024,0.206024
0.206023,0.206023
0.206022,0.206022
0.206022,0.206022
0.206022,0.206022
0.206022,0.206022
0.206022,0.206022
0.20602,0.20602
0.20602,0.20602
0.20602,0.20602
0.20602,0.20602
0.206018,0.206018
0.206017,0.206017
0.206014,0.206014
0.206014,0.206014
0.206011,0.206011
0.206011,0.206011
0.20601,0.20601
0.206009,0.206009
0.206008,0.206008
0.206007,0.206007
0.206006,0.206006
0.206005,0.206005
0.206005,0.206005
0.206002,0.206002
0.206001,0.206001
0.206,0.206
0.205998,0.205998
0.205998,0.205998
0.205997,0.205997
0.205997,0.205997
0.205996,0.205996
0.205995,0.205995
0.205995,0.205995
0.205994,0.205994
0.205993,0.205993
0.205993,0.205993
0.205992,0.205992
0.205992,0.205992
0.205991,0.205991
0.20599,0.20599
0.205989,0.205989
0.205989,0.205989
0.205988,0.205988
0.205988,0.205988
0.205987,0.205987
0.205987,0.205987
0.205986,0.205986
0.205986,0.205986
0.205985,0.205985
0.205981,0.205981
0.20598,0.20598
0.20598,0.20598
0.20598,0.20598
0.20598,0.20598
0.205979,0.205979
0.205978,0.205978
0.205977,0.205977
0.205976,0.205976
0.205976,0.205976
0.205975,0.205975
0.205972,0.205972
0.205972,0.205972
0.205971,0.205971
0.205969,0.205969
0.205968,0.205968
0.205963,0.205963
0.205962,0.205962
0.205961,0.205961
0.205961,0.205961
0.205957,0.205957
0.205956,0.205956
0.205954,0.205954
0.205953,0.205953
0.205952,0.205952
0.205951,0.205951
0.205951,0.205951
0.20595,0.20595
0.20595,0.20595
0.20595,0.20595
0.205949,0.205949
0.205947,0.205947
0.205947,0.205947
0.205947,0.205947
0.205946,0.205946
0.205945,0.205945
0.205945,0.205945
0.205945,0.205945
0.205943,0.205943
0.205943,0.205943
0.205943,0.205943
0.205943,0.205943
0.205941,0.205941
0.205941,0.205941
0.20594,0.20594
0.20594,0.20594
0.205939,0.205939
0.205938,0.205938
0.205936,0.205936
0.205936,0.205936
0.205936,0.205936
0.205935,0.205935
0.205935,0.205935
0.205934,0.205934
0.205934,0.205934
0.205933,0.205933
0.205933,0.205933
0.205932,0.205932
0.205932,0.205932
0.205931,0.205931
0.205931,0.205931
0.20593,0.20593
0.20593,0.20593
0.20593,0.20593
0.205929,0.205929
0.205929,0.205929
0.205927,0.205927
0.205927,0.205927
0.205927,0.205927
0.205926,0.205926
0.205926,0.205926
0.205926,0.205926
0.205925,0.205925
0.205925,0.205925
0.205924,0.205924
0.205922,0.205922
0.205921,0.205921
0.205921,0.205921
0.20592,0.20592
0.20592,0.20592
0.20592,0.20592
0.20592,0.20592
0.205919,0.205919
0.205918,0.205918
0.205917,0.205917
0.205916,0.205916
0.205916,0.205916
0.205915,0.205915
0.205915,0.205915
0.205914,0.205914
0.205913,0.205913
0.205911,0.205911
0.20591,0.20591
0.205908,0.205908
0.205908,0.205908
0.205908,0.205908
0.205907,0.205907
0.205907,0.205907
0.205907,0.205907
0.205906,0.205906
0.205904,0.205904
0.205903,0.205903
0.205902,0.205902
0.205902,0.205902
0.2059,0.2059
0.2059,0.2059
0.2059,0.2059
0.205899,0.205899
0.205895,0.205895
0.205894,0.205894
0.205894,0.205894
0.205893,0.205893
0.205892,0.205892
0.20589,0.20589
0.20589,0.20589
0.205888,0.205888
0.205887,0.205887
0.205887,0.205887
0.205887,0.205887
0.205886,0.205886
0.205886,0.205886
0.205885,0.205885
0.205884,0.205884
0.205884,0.205884
0.205883,0.205883
0.205883,0.205883
0.205883,0.205883
0.205882,0.205882
0.205879,0.205879
0.205878,0.205878
0.205878,0.205878
0.205877,0.205877
0.205875,0.205875
0.205874,0.205874
0.205873,0.205873
0.205873,0.205873
0.20587,0.20587
0.205869,0.205869
0.205869,0.205869
0.205868,0.205868
0.205866,0.205866
0.205866,0.205866
0.205865,0.205865
0.205865,0.205865
0.205864,0.205864
0.205863,0.205863
0.205862,0.205862
0.20586,0.20586
0.205859,0.205859
0.205859,0.205859
0.205859,0.205859
0.205858,0.205858
0.205857,0.205857
0.205857,0.205857
0.205855,0.205855
0.205854,0.205854
0.205854,0.205854
0.205854,0.205854
0.205854,0.205854
0.205852,0.205852
0.205851,0.205851
0.205851,0.205851
0.20585,0.20585
0.205848,0.205848
0.205846,0.205846
0.205845,0.205845
0.205843,0.205843
0.205843,0.205843
0.205843,0.205843
0.205842,0.205842
0.205841,0.205841
0.205841,0.205841
0.205841,0.205841
0.205841,0.205841
0.20584,0.20584
0.20584,0.20584
0.20584,0.20584
0.205839,0.205839
0.205837,0.205837
0.205836,0.205836
0.205834,0.205834
0.205834,0.205834
0.205832,0.205832
0.20583,0.20583
0.20583,0.20583
0.205829,0.205829
0.205827,0.205827
0.205825,0.205825
0.205825,0.205825
0.205824,0.205824
0.205823,0.205823
0.205823,0.205823
0.205822,0.205822
0.205821,0.205821
0.20582,0.20582
0.20582,0.20582
0.205819,0.205819
0.205819,0.205819
0.205818,0.205818
0.205818,0.205818
0.205818,0.205818
0.205817,0.205817
0.205817,0.205817
0.205816,0.205816
0.205816,0.205816
0.205815,0.205815
0.205815,0.205815
0.205813,0.205813
0.205812,0.205812
0.205811,0.205811
0.20581,0.20581
0.20581,0.20581
0.205809,0.205809
0.205807,0.205807
0.205807,0.205807
0.205806,0.205806
0.205806,0.205806
0.205805,0.205805
0.205805,0.205805
0.205805,0.205805
0.205804,0.205804
0.205803,0.205803
0.205802,0.205802
0.205799,0.205799
0.205797,0.205797
0.205797,0.205797
0.205795,0.205795
0.205795,0.205795
0.205793,0.205793
0.205793,0.205793
0.205792,0.205792
0.205791,0.205791
0.205791,0.205791
0.20579,0.20579
0.205788,0.205788
0.205787,0.205787
0.205786,0.205786
0.205786,0.205786
0.205786,0.205786
0.205785,0.205785
0.205785,0.205785
0.205784,0.205784
0.205783,0.205783
0.205783,0.205783
0.205783,0.205783
0.205782,0.205782
0.20578,0.20578
0.20578,0.20578
0.205779,0.205779
0.205778,0.205778
0.205776,0.205776
0.205776,0.205776
0.205776,0.205776
0.205776,0.205776
0.205774,0.205774
0.205773,0.205773
0.205772,0.205772
0.205771,0.205771
0.205769,0.205769
0.205769,0.205769
0.205768,0.205768
0.205768,0.205768
0.205768,0.205768
0.205768,0.205768
0.205767,0.205767
0.205767,0.205767
0.205766,0.205766
0.205764,0.205764
0.205764,0.205764
0.205763,0.205763
0.205762,0.205762
0.205762,0.205762
0.205761,0.205761
0.205759,0.205759
0.205758,0.205758
0.205758,0.205758
0.205757,0.205757
0.205757,0.205757
0.205757,0.205757
0.205756,0.205756
0.205755,0.205755
0.205755,0.205755
0.205755,0.205755
0.205754,0.205754
0.205753,0.205753
0.205751,0.205751
0.205749,0.205749
0.205744,0.205744
0.205744,0.205744
0.205744,0.205744
0.205743,0.205743
0.205742,0.205742
0.205742,0.205742
0.205742,0.205742
0.205741,0.205741
0.205741,0.205741
0.205739,0.205739
0.205739,0.205739
0.205736,0.205736
0.205736,0.205736
0.205736,0.205736
0.205735,0.205735
0.205733,0.205733
0.205733,0.205733
0.205733,0.205733
0.205732,0.205732
0.205731,0.205731
0.205731,0.205731
0.20573,0.20573
0.20573,0.20573
0.205729,0.205729
0.205728,0.205728
0.205728,0.205728
0.205728,0.205728
0.205727,0.205727
0.205726,0.205726
0.205722,0.205722
0.205722,0.205722
0.205722,0.205722
0.205721,0.205721
0.20572,0.20572
0.20572,0.20572
0.205715,0.205715
0.205713,0.205713
0.205713,0.205713
0.205713,0.205713
0.205711,0.205711
0.205711,0.205711
0.20571,0.20571
0.20571,0.20571
0.205708,0.205708
0.205707,0.205707
0.205707,0.205707
0.205707,0.205707
0.205706,0.205706
0.205705,0.205705
0.205705,0.205705
0.205704,0.205704
0.205704,0.205704
0.205703,0.205703
0.205703,0.205703
0.205702,0.205702
0.2057,0.2057
0.2057,0.2057
0.205699,0.205699
0.205698,0.205698
0.205697,0.205697
0.205697,0.205697
0.205696,0.205696
0.205696,0.205696
0.205696,0.205696
0.205694,0.205694
0.205694,0.205694
0.205694,0.205694
0.205693,0.205693
0.205693,0.205693
0.205692,0.205692
0.20569,0.20569
0.20569,0.20569
0.205688,0.205688
0.205686,0.205686
0.205685,0.205685
0.205683,0.205683
0.205683,0.205683
0.205683,0.205683
0.205682,0.205682
0.205682,0.205682
0.20568,0.20568
0.205679,0.205679
0.205677,0.205677
0.205676,0.205676
0.205674,0.205674
0.205674,0.205674
0.205674,0.205674
0.205674,0.205674
0.205672,0.205672
0.205672,0.205672
0.205671,0.205671
0.20567,0.20567
0.205667,0.205667
0.205667,0.205667
0.205666,0.205666
0.205664,0.205664
0.205664,0.205664
0.205663,0.205663
0.205663,0.205663
0.205662,0.205662
0.205662,0.205662
0.205661,0.205661
0.205661,0.205661
0.205661,0.205661
0.205659,0.205659
0.205659,0.204845
0.205659,0.205659
0.205658,0.205658
0.205658,0.205658
0.205658,0.205658
0.205657,0.205657
0.205656,0.205656
0.205655,0.205655
0.205653,0.205653
0.205653,0.205653
0.20565,0.20565
0.20565,0.20565
0.205649,0.205649
0.205648,0.205648
0.205648,0.205648
0.205647,0.205647
0.205646,0.205646
0.205645,0.205645
0.205643,0.205643
0.205643,0.205643
0.205641,0.205641
0.205641,0.205641
0.20564,0.20564
0.20564,0.20564
0.205638,0.205638
0.205637,0.205637
0.205636,0.205636
0.205635,0.205635
0.205635,0.205635
0.205634,0.205634
0.205633,0.205633
0.205632,0.205632
0.205632,0.205632
0.205632,0.205632
0.205632,0.205632
0.205632,0.205632
0.205631,0.205631
0.205631,0.205631
0.205627,0.205263
0.205627,0.205627
0.205627,0.205627
0.205626,0.205626
0.205626,0.205626
0.205626,0.205626
0.205626,0.205626
0.205625,0.205625
0.205623,0.205623
0.205622,0.205622
0.205621,0.205621
0.205619,0.205619
0.205618,0.205618
0.205616,0.205616
0.205615,0.205615
0.205614,0.205614
0.205614,0.205614
0.205613,0.205613
0.205611,0.205611
0.20561,0.20561
0.205609,0.205609
0.205608,0.205608
0.205608,0.205608
0.205607,0.205607
0.205605,0.205605
0.205604,0.205604
0.205601,0.205601
0.205601,0.205601
0.2056,0.2056
0.2056,0.2056
0.205599,0.205599
0.205598,0.205598
0.205598,0.205598
0.205598,0.205598
0.205597,0.205597
0.205596,0.205596
0.205595,0.205595
0.205593,0.205593
0.205592,0.205592
0.205592,0.205592
0.20559,0.20559
0.20559,0.20559
0.20559,0.20559
0.20559,0.20559
0.205589,0.205589
0.205589,0.205589
0.205589,0.205589
0.205589,0.205589
0.205589,0.205589
0.205588,0.205588
0.205587,0.205587
0.205586,0.205586
0.205586,0.205586
0.205586,0.205586
0.205585,0.205585
0.205585,0.205585
0.205585,0.205585
0.205583,0.205583
0.205581,0.205581
0.205581,0.205581
0.205581,0.205581
0.205577,0.205577
0.205577,0.205577
0.205577,0.205577
0.205577,0.205577
0.205576,0.205576
0.205574,0.205574
0.205573,0.205573
0.205573,0.205573
0.205572,0.205572
0.205572,0.205572
0.205571,0.205571
0.205571,0.205571
0.205571,0.205571
0.20557,0.20557
0.205566,0.205566
0.205565,0.205565
0.205565,0.205565
0.205564,0.205564
0.205563,0.205563
0.205561,0.205561
0.20556,0.20556
0.205558,0.205558
0.205557,0.205557
0.205556,0.205556
0.205556,0.205556
0.205555,0.205555
0.205553,0.205553
0.205553,0.205553
0.205553,0.205553
0.205552,0.205552
0.205552,0.205552
0.205552,0.205552
0.205551,0.205551
0.205548,0.205548
0.205547,0.205547
0.205545,0.205545
0.205544,0.205544
0.205543,0.205543
0.205543,0.205543
0.205542,0.205542
0.20554,0.20554
0.20554,0.20554
0.205538,0.205538
0.205538,0.205538
0.205537,0.205537
0.205536,0.205536
0.205536,0.205536
0.205535,0.205535
0.205535,0.205535
0.205535,0.205535
0.205535,0.205535
0.205535,0.205535
0.205534,0.205534
0.205534,0.205534
0.205534,0.205534
0.205533,0.205533
0.205531,0.205531
0.205531,0.205531
0.20553,0.20553
0.20553,0.20553
0.20553,0.20553
0.205529,0.205529
0.205529,0.205529
0.205529,0.205529
0.205529,0.205529
0.205528,0.205528
0.205525,0.205525
0.205523,0.205523
0.205522,0.205522
0.205521,0.205521
0.20552,0.20552
0.20552,0.20552
0.20552,0.20552
0.20552,0.20552
0.205519,0.205519
0.205518,0.205518
0.205517,0.205517
0.205517,0.205517
0.205516,0.205516
0.205514,0.205514
0.205513,0.205513
0.205512,0.205512
0.205511,0.205511
0.205509,0.205509
0.205509,0.205509
0.205508,0.205508
0.205508,0.205508
0.205507,0.205507
0.205507,0.205507
0.205507,0.205507
0.205506,0.205506
0.205506,0.205506
0.205504,0.205504
0.205504,0.205504
0.205504,0.205504
0.205503,0.205503
0.2055,0.2055
0.2055,0.2055
0.2055,0.2055
0.2055,0.2055
0.2055,0.204414
0.2055,0.2055
0.2055,0.2055
0.2055,0.2055
0.205499,0.205499
0.205498,0.205498
0.205497,0.205497
0.205497,0.205497
0.205496,0.205496
0.205496,0.205496
0.205495,0.205495
0.205494,0.205494
0.205492,0.205492
0.20549,0.20549
0.20549,0.20549
0.205487,0.205487
0.205487,0.205487
0.205486,0.205486
0.205486,0.205486
0.205485,0.205485
0.205484,0.205484
0.205484,0.205484
0.205483,0.205483
0.205482,0.205482
0.205482,0.205482
0.20548,0.20548
0.20548,0.20548
0.205479,0.205479
0.205477,0.205477
0.205476,0.205476
0.205475,0.205475
0.205474,0.205474
0.205474,0.205474
0.205474,0.205474
0.205473,0.205473
0.205473,0.205473
0.205472,0.205472
0.205471,0.205471
0.20547,0.20547
0.20547,0.20547
0.205467,0.205467
0.205467,0.205467
0.205466,0.205466
0.205466,0.205466
0.205465,0.205465
0.205464,0.205464
0.205462,0.205462
0.205461,0.205461
0.205461,0.205461
0.205459,0.205459
0.205456,0.205456
0.205455,0.205455
0.205455,0.205455
0.205454,0.205454
0.205454,0.205454
0.205454,0.205454
0.205454,0.205454
0.205453,0.205453
0.205453,0.205453
0.205451,0.205451
0.20545,0.20545
0.205448,0.205448
0.205447,0.205447
0.205446,0.205446
0.205446,0.205446
0.205445,0.205445
0.205445,0.205445
0.205445,0.205445
0.205445,0.205445
0.205443,0.205443
0.205443,0.205443
0.205443,0.205443
0.205442,0.205442
0.205442,0.205442
0.20544,0.20544
0.20544,0.20544
0.205439,0.205439
0.205438,0.205438
0.205438,0.205438
0.205436,0.205436
0.205434,0.205434
0.205431,0.205431
0.20543,0.20543
0.205427,0.205427
0.205425,0.205425
0.205424,0.205424
0.205423,0.205423
0.205423,0.205423
0.205423,0.205423
0.205423,0.205423
0.205423,0.205423
0.205422,0.205422
0.205421,0.205421
0.205419,0.205419
0.205418,0.205418
0.205418,0.205418
0.205417,0.205417
0.205417,0.205417
0.205416,0.205416
0.205416,0.205416
0.205416,0.205416
0.205415,0.205415
0.205415,0.205415
0.205414,0.205414
0.205414,0.205414
0.205413,0.205413
0.205413,0.205413
0.205412,0.205412
0.205411,0.205411
0.205409,0.205409
0.205409,0.205409
0.205409,0.205409
0.205408,0.205408
0.205408,0.205408
0.205407,0.205407
0.205407,0.205407
0.205407,0.205407
0.205406,0.205406
0.205405,0.205405
0.205404,0.205404
0.205401,0.205401
0.205401,0.205401
0.2054,0.2054
0.205399,0.205399
0.205398,0.205398
0.205396,0.205396
0.205396,0.205396
0.205395,0.205395
0.205395,0.205395
0.20539,0.20539
0.20539,0.20539
0.205389,0.205389
0.205389,0.205389
0.205388,0.205388
0.205387,0.205387
0.205386,0.205386
0.205386,0.205386
0.205386,0.205386
0.205385,0.205385
0.205385,0.205385
0.205383,0.205383
0.205382,0.205382
0.205382,0.205382
0.205381,0.205381
0.20538,0.204344
0.20538,0.20538
0.20538,0.20538
0.205379,0.205379
0.205378,0.205378
0.205378,0.205378
0.205378,0.205378
0.205377,0.205377
0.205376,0.205376
0.205375,0.205375
0.205372,0.205372
0.20537,0.20537
0.20537,0.20537
0.205369,0.205369
0.205368,0.205368
0.205365,0.205365
0.205365,0.205365
0.205365,0.205365
0.205364,0.205364
0.205362,0.205362
0.205362,0.205362
0.20536,0.20536
0.205359,0.205359
0.205359,0.205359
0.205359,0.205359
0.205359,0.205359
0.205358,0.205358
0.205357,0.205357
0.205357,0.205357
0.205356,0.205356
0.205355,0.205355
0.205354,0.205354
0.205354,0.205354
0.205351,0.205351
0.20535,0.20535
0.205349,0.205349
0.205349,0.205349
0.205348,0.205348
0.205348,0.205348
0.205346,0.205346
0.205346,0.205346
0.205346,0.205346
0.205345,0.205345
0.205343,0.205343
0.205342,0.205342
0.205341,0.205341
0.20534,0.20372
0.20534,0.20534
0.20534,0.20534
0.20534,0.20534
0.205339,0.205339
0.205338,0.205338
0.205337,0.205337
0.205336,0.205336
0.205335,0.205335
0.205335,0.205335
0.205333,0.205333
0.20533,0.20533
0.20533,0.20533
0.20533,0.20533
0.205329,0.205329
0.205329,0.205329
0.205327,0.205327
0.205327,0.205327
0.205327,0.205327
0.205324,0.205324
0.205324,0.205324
0.205324,0.205324
0.205322,0.205322
0.205322,0.205322
0.205321,0.205321
0.205321,0.205321
0.205319,0.205319
0.205318,0.205318
0.205316,0.205316
0.205315,0.205315
0.205315,0.205315
0.205313,0.205313
0.205313,0.205313
0.205312,0.205312
0.205312,0.205312
0.205311,0.205311
0.205311,0.205311
0.205309,0.205309
0.205309,0.205309
0.205309,0.205309
0.205307,0.205307
0.205307,0.205307
0.205307,0.205307
0.205307,0.205307
0.205306,0.205306
0.205305,0.205305
0.205304,0.205304
0.205304,0.205304
0.205303,0.205303
0.205301,0.205301
0.205301,0.205301
0.2053,0.2053
0.205299,0.205299
0.205299,0.205299
0.205296,0.205296
0.205295,0.205295
0.205295,0.205295
0.205293,0.205293
0.205292,0.205292
0.205292,0.205292
0.20529,0.20529
0.20529,0.20529
0.205289,0.205289
0.205286,0.205286
0.205284,0.205284
0.205284,0.205284
0.205284,0.205284
0.205283,0.205283
0.205281,0.205281
0.205281,0.205281
0.205281,0.205281
0.20528,0.20528
0.205279,0.205279
0.205278,0.205278
0.205276,0.205276
0.205276,0.205276
0.205275,0.205275
0.205275,0.205275
0.205275,0.205275
0.205274,0.205274
0.205273,0.205273
0.205272,0.205272
0.205271,0.205271
0.205271,0.205271
0.205269,0.205269
0.205269,0.205269
0.205268,0.205268
0.205268,0.205268
0.205268,0.205268
0.205266,0.205266
0.205265,0.205265
0.205265,0.205265
0.205265,0.205265
0.205264,0.204864
0.205264,0.205264
0.205261,0.205261
0.205261,0.205261
0.205261,0.205261
0.205261,0.205261
0.20526,0.20526
0.20526,0.20526
0.205259,0.205259
0.205258,0.205258
0.205257,0.205257
0.205257,0.205257
0.205255,0.205255
0.205253,0.205253
0.205253,0.205253
0.205253,0.205253
0.205251,0.205251
0.205251,0.205251
0.20525,0.20525
0.20525,0.20525
0.205249,0.205249
0.205249,0.205249
0.205248,0.205248
0.205247,0.205247
0.205245,0.205245
0.205244,0.205244
0.205244,0.205244
0.205243,0.205243
0.205242,0.205242
0.205237,0.205237
0.205231,0.205231
0.205231,0.205231
0.205229,0.205229
0.205228,0.205228
0.205228,0.205228
0.205227,0.205227
0.205227,0.204484
0.205227,0.205227
0.205225,0.205225
0.205224,0.205224
0.205223,0.205223
0.205223,0.205223
0.205222,0.205222
0.205219,0.205219
0.205219,0.205219
0.205218,0.205218
0.205218,0.205218
0.205217,0.205217
0.205217,0.205217
0.205216,0.205216
0.205216,0.205216
0.205216,0.205216
0.205215,0.205215
0.205214,0.205214
0.205214,0.205214
0.205214,0.205214
0.205214,0.205214
0.205213,0.205213
0.205213,0.205213
0.205211,0.205211
0.20521,0.20521
0.20521,0.20521
0.205208,0.205208
0.205207,0.205207
0.205207,0.205207
0.205207,0.205207
0.205206,0.205206
0.205206,0.205206
0.205205,0.205205
0.205204,0.205204
0.205203,0.205203
0.205202,0.205202
0.205202,0.205202
0.205201,0.205201
0.2052,0.2052
0.2052,0.2052
0.205199,0.205199
0.205199,0.205199
0.205197,0.205197
0.205196,0.205196
0.205195,0.205195
0.205194,0.205194
0.205194,0.205194
0.205194,0.205194
0.205193,0.205193
0.205193,0.205193
0.205192,0.205192
0.205191,0.205191
0.20519,0.20519
0.205188,0.205188
0.205188,0.205188
0.205187,0.205187
0.205187,0.205187
0.205187,0.205187
0.205186,0.205186
0.205186,0.205186
0.205184,0.205184
0.205184,0.205184
0.205184,0.205184
0.205183,0.205183
0.205182,0.205182
0.205181,0.205181
0.205179,0.205179
0.205179,0.205179
0.205179,0.205179
0.205177,0.205177
0.205177,0.205177
0.205177,0.205177
0.205175,0.205175
0.205174,0.205174
0.205173,0.205173
0.205173,0.205173
0.205172,0.205172
0.205171,0.205171
0.205171,0.205171
0.20517,0.20517
0.205167,0.205167
0.205166,0.205166
0.205165,0.205165
0.205165,0.205165
0.205164,0.205164
0.205164,0.205164
0.205163,0.205163
0.205162,0.205162
0.205161,0.205161
0.205161,0.205161
0.205159,0.205159
0.205159,0.205159
0.205157,0.205157
0.205156,0.205156
0.205156,0.205156
0.205156,0.205156
0.205155,0.205155
0.205155,0.205155
0.205155,0.205155
0.205154,0.205154
0.205153,0.205153
0.205153,0.205153
0.205153,0.205153
0.205152,0.205152
0.205152,0.205152
0.205151,0.205151
0.20515,0.20515
0.205149,0.205149
0.205149,0.205149
0.205147,0.205147
0.205147,0.205147
0.205146,0.205146
0.205146,0.205146
0.205146,0.205146
0.205146,0.205146
0.205145,0.205145
0.205144,0.205144
0.205143,0.205143
0.205143,0.205143
0.205142,0.205142
0.205141,0.205141
0.205139,0.205139
0.205139,0.205139
0.205136,0.205136
0.205136,0.205136
0.205131,0.205131
0.205131,0.205131
0.20513,0.20513
0.205129,0.205129
0.205127,0.205127
0.205127,0.205127
0.205126,0.205126
0.205126,0.205126
0.205126,0.205126
0.205126,0.205126
0.205122,0.205122
0.205122,0.205122
0.205121,0.205121
0.205121,0.205121
0.20512,0.20512
0.205115,0.205115
0.205115,0.205115
0.205114,0.205114
0.205113,0.205113
0.205113,0.205113
0.205111,0.205111
0.205111,0.205111
0.20511,0.20511
0.205109,0.205109
0.205108,0.205108
0.205108,0.205108
0.205108,0.205108
0.205107,0.205107
0.205107,0.205107
0.205107,0.205107
0.205107,0.205107
0.205104,0.205104
0.205103,0.205103
0.205102,0.205102
0.205101,0.205101
0.205101,0.205101
0.205101,0.205101
0.205099,0.205099
0.205098,0.205098
0.205097,0.205097
0.205097,0.205097
0.205097,0.205097
0.205096,0.205096
0.205093,0.205093
0.205093,0.205093
0.205093,0.205093
0.205092,0.205092
0.205092,0.205092
0.205091,0.205091
0.20509,0.20509
0.205089,0.205089
0.205089,0.205089
0.205089,0.205089
0.205088,0.205088
0.205087,0.205087
0.205087,0.205087
0.205087,0.205087
0.205086,0.205086
0.205086,0.205086
0.205085,0.205085
0.205085,0.205085
0.205085,0.205085
0.205084,0.205084
0.205084,0.205084
0.205082,0.205082
0.205082,0.205082
0.205082,0.205082
0.205081,0.205081
0.20508,0.20508
0.20508,0.20508
0.205079,0.205079
0.205079,0.205079
0.205078,0.205078
0.205077,0.205077
0.205076,0.205076
0.205076,0.205076
0.205075,0.205075
0.205074,0.205074
0.205074,0.205074
0.205073,0.205073
0.205072,0.205072
0.205072,0.205072
0.205069,0.205069
0.205069,0.205069
0.205069,0.205069
0.205069,0.205069
0.205065,0.205065
0.205064,0.205064
0.205064,0.205064
0.205063,0.205063
0.205063,0.205063
0.205062,0.205062
0.205062,0.205062
0.205062,0.205062
0.205061,0.205061
0.20506,0.20506
0.20506,0.20506
0.20506,0.20506
0.205059,0.205059
0.205059,0.205059
0.205057,0.205057
0.205057,0.205057
0.205054,0.205054
0.205054,0.205054
0.205052,0.205052
0.205048,0.205048
0.205048,0.205048
0.205047,0.205047
0.205047,0.204849
0.205047,0.205047
0.205047,0.205047
0.205046,0.205046
0.205046,0.205046
0.205045,0.205045
0.205044,0.205044
0.205043,0.205043
0.205043,0.205043
0.20504,0.20504
0.205039,0.205039
0.205038,0.205038
0.205037,0.205037
0.205037,0.205037
0.205036,0.205036
0.205036,0.205036
0.205035,0.205035
0.205034,0.205034
0.205033,0.205033
0.205032,0.205032
0.205032,0.205032
0.205031,0.205031
0.205031,0.205031
0.205029,0.205029
0.205028,0.205028
0.205027,0.205027
0.205027,0.205027
0.205026,0.205026
0.205026,0.205026
0.205026,0.205026
0.205026,0.205026
0.205025,0.205025
0.205024,0.205024
0.205022,0.205022
0.205022,0.205022
0.205021,0.205021
0.205021,0.205021
0.205021,0.205021
0.20502,0.20502
0.205019,0.205019
0.205018,0.205018
0.205018,0.205018
0.205018,0.205018
0.205016,0.205016
0.205016,0.205016
0.205015,0.205015
0.205012,0.205012
0.205012,0.205012
0.20501,0.20501
0.205008,0.205008
0.205008,0.205008
0.205008,0.205008
0.205007,0.205007
0.205007,0.205007
0.205005,0.205005
0.205004,0.205004
0.205004,0.205004
0.205003,0.205003
0.205001,0.205001
0.204999,0.204999
0.204999,0.204999
0.204998,0.204998
0.204997,0.204997
0.204995,0.204995
0.204995,0.204995
0.204994,0.204994
0.204993,0.204993
0.204992,0.204992
0.204992,0.204992
0.204992,0.204992
0.204991,0.204991
0.204991,0.204991
0.204989,0.204989
0.204989,0.204989
0.204989,0.204989
0.204988,0.204988
0.204987,0.204987
0.204985,0.204985
0.204984,0.204984
0.204982,0.204982
0.20498,0.20498
0.20498,0.20498
0.20498,0.20498
0.204979,0.204979
0.204976,0.204976
0.204976,0.204976
0.204976,0.204976
0.204973,0.204973
0.204973,0.204973
0.204973,0.204973
0.204973,0.204973
0.204972,0.204972
0.204972,0.204972
0.204972,0.204972
0.204972,0.204972
0.204972,0.204972
0.20497,0.20497
0.20497,0.20497
0.204969,0.204969
0.204968,0.204968
0.204968,0.204968
0.204967,0.204967
0.204967,0.204967
0.204966,0.204966
0.204965,0.204965
0.204965,0.204965
0.204963,0.204963
0.204963,0.204963
0.204962,0.204962
0.204962,0.204962
0.204961,0.204961
0.20496,0.20496
0.204959,0.204959
0.204959,0.204959
0.204958,0.204958
0.204958,0.204958
0.204958,0.204958
0.204958,0.204958
0.204958,0.204958
0.204957,0.204957
0.204956,0.204956
0.204953,0.204953
0.204953,0.204953
0.204952,0.204952
0.204951,0.204951
0.204951,0.204951
0.204949,0.204949
0.204949,0.204949
0.204944,0.204944
0.204942,0.204942
0.204942,0.204942
0.204942,0.204942
0.204941,0.204941
0.20494,0.20494
0.204938,0.204938
0.204937,0.204937
0.204937,0.204937
0.204937,0.204937
0.204936,0.204936
0.204936,0.204936
0.204932,0.204932
0.20493,0.20493
0.20493,0.20493
0.204929,0.204929
0.204926,0.204926
0.204925,0.204925
0.204924,0.204924
0.204924,0.204924
0.204923,0.204923
0.204923,0.204923
0.204923,0.204923
0.204923,0.204923
0.204922,0.204922
0.204922,0.204922
0.204922,0.204922
0.204921,0.204921
0.204921,0.204921
0.204921,0.204921
0.20492,0.20492
0.20492,0.20492
0.204919,0.204919
0.204919,0.204919
0.204918,0.204918
0.204918,0.204918
0.204917,0.204917
0.204916,0.204916
0.204915,0.204915
0.204915,0.204915
0.204915,0.204915
0.204915,0.204915
0.204914,0.204914
0.204914,0.204914
0.204913,0.204913
0.204913,0.204913
0.204913,0.204913
0.204913,0.204913
0.204913,0.204913
0.204912,0.204912
0.204912,0.204912
0.204912,0.204912
0.204912,0.204912
0.204908,0.204908
0.204908,0.204908
0.204907,0.204907
0.204907,0.204907
0.204907,0.204907
0.204905,0.204905
0.204905,0.204905
0.204905,0.204905
0.204904,0.204904
0.204902,0.204902
0.204901,0.204901
0.204898,0.204898
0.204898,0.204898
0.204898,0.204898
0.204897,0.204897
0.204897,0.204897
0.204897,0.204897
0.204897,0.204897
0.204896,0.204896
0.204895,0.204895
0.204895,0.204895
0.204894,0.204894
0.204892,0.204892
0.204891,0.204891
0.204889,0.204889
0.204888,0.204888
0.204888,0.204888
0.204887,0.204887
0.204887,0.204887
0.204887,0.204887
0.204887,0.204887
0.204887,0.204887
0.204884,0.204884
0.204884,0.204884
0.204883,0.204883
0.204883,0.204883
0.204883,0.204883
0.204883,0.204883
0.204883,0.204883
0.204882,0.204882
0.204881,0.204881
0.20488,0.20488
0.20488,0.20488
0.20488,0.20488
0.204879,0.204879
0.204879,0.204879
0.204878,0.204878
0.204878,0.204878
0.204877,0.204877
0.204876,0.204737
0.204876,0.204876
0.204876,0.204876
0.204875,0.204875
0.204875,0.204875
0.204874,0.204874
0.204873,0.204873
0.204872,0.204872
0.20487,0.20487
0.204869,0.204869
0.204869,0.204869
0.204867,0.204867
0.204866,0.204866
0.204864,0.204864
0.204861,0.204861
0.20486,0.20486
0.204858,0.204858
0.204857,0.204857
0.204857,0.204857
0.204854,0.204854
0.204853,0.204853
0.204853,0.204853
0.204853,0.204853
0.204852,0.204852
0.20485,0.20485
0.204848,0.204848
0.204848,0.204848
0.204847,0.204847
0.204846,0.204846
0.204846,0.204846
0.204844,0.204844
0.204843,0.204843
0.204843,0.204843
0.204841,0.204841
0.204841,0.204841
0.20484,0.20484
0.204838,0.204838
0.204836,0.204836
0.204836,0.204836
0.204835,0.204835
0.204835,0.204835
0.204834,0.204834
0.204834,0.204834
0.204834,0.204834
0.204833,0.204833
0.20483,0.20483
0.20483,0.20483
0.204829,0.204829
0.204829,0.204829
0.204828,0.204828
0.204827,0.204827
0.204827,0.204827
0.204826,0.204826
0.204825,0.204825
0.204825,0.204825
0.204822,0.204822
0.204822,0.204822
0.204822,0.204822
0.204821,0.204821
0.20482,0.20482
0.204818,0.204818
0.204818,0.204818
0.204817,0.204817
0.204817,0.204817
0.204816,0.204816
0.204816,0.204816
0.204815,0.204815
0.204815,0.204815
0.204814,0.204814
0.204814,0.204814
0.204814,0.204814
0.204813,0.204813
0.204813,0.204813
0.204813,0.204813
0.204812,0.204812
0.20481,0.20481
0.20481,0.20481
0.204809,0.204809
0.204809,0.204809
0.204807,0.204807
0.204806,0.204806
0.204805,0.204805
0.204804,0.204804
0.204803,0.204803
0.204803,0.204803
0.204803,0.204803
0.204801,0.204801
0.204801,0.204801
0.2048,0.2048
0.2048,0.2048
0.204799,0.204799
0.204798,0.204798
0.204797,0.204797
0.204797,0.204797
0.204797,0.204797
0.204796,0.204796
0.204796,0.204796
0.204795,0.204795
0.204795,0.204795
0.204794,0.204794
0.204793,0.204793
0.204793,0.204793
0.204792,0.204792
0.204791,0.204791
0.204791,0.204791
0.20479,0.20479
0.20479,0.20479
0.20479,0.20479
0.204789,0.204789
0.204787,0.204787
0.204787,0.204787
0.204786,0.204786
0.204785,0.204785
0.204784,0.204784
0.204783,0.204783
0.204782,0.204782
0.204781,0.204781
0.204781,0.204781
0.20478,0.20478
0.20478,0.20478
0.20478,0.20478
0.204778,0.204778
0.204777,0.204777
0.204776,0.204776
0.204775,0.204775
0.204775,0.204775
0.204774,0.204774
0.204774,0.204774
0.204774,0.204774
0.204773,0.204773
0.204772,0.204772
0.20477,0.20477
0.20477,0.20477
0.204769,0.204769
0.204769,0.204769
0.204768,0.204768
0.204768,0.204768
0.204767,0.204767
0.204767,0.204767
0.204767,0.204767
0.204766,0.204766
0.204765,0.204765
0.204765,0.204765
0.204765,0.204765
0.204765,0.204765
0.204765,0.204765
0.204764,0.204764
0.204763,0.204763
0.204763,0.204763
0.204762,0.204762
0.204759,0.204759
0.204759,0.204759
0.204759,0.204759
0.204758,0.204758
0.204758,0.204758
0.204758,0.204758
0.204757,0.204757
0.204757,0.204757
0.204756,0.204756
0.204756,0.204756
0.204756,0.204756
0.204755,0.204755
0.204754,0.204754
0.204754,0.204754
0.204754,0.204754
0.204752,0.204752
0.204751,0.204751
0.204749,0.204749
0.204748,0.204748
0.204748,0.204748
0.204747,0.204747
0.204747,0.204747
0.204747,0.204747
0.204746,0.204746
0.204746,0.204746
0.204744,0.204744
0.204744,0.204744
0.204744,0.204744
0.204743,0.204743
0.204742,0.204742
0.204742,0.204742
0.204741,0.204741
0.20474,0.20474
0.204739,0.204739
0.204738,0.204738
0.204737,0.204737
0.204736,0.204736
0.204736,0.204736
0.204735,0.204735
0.204735,0.204735
0.204735,0.204735
0.204734,0.204734
0.204733,0.204733
0.204732,0.204732
0.204732,0.204732
0.204731,0.204731
0.20473,0.20473
0.20473,0.20473
0.204729,0.204729
0.204729,0.204729
0.204728,0.204728
0.204728,0.204728
0.204728,0.204728
0.204728,0.204728
0.204727,0.204727
0.204726,0.204726
0.204725,0.204725
0.204725,0.204725
0.204723,0.204723
0.204723,0.204723
0.204723,0.204723
0.204722,0.204722
0.204722,0.204722
0.204722,0.204722
0.204722,0.204722
0.204722,0.204722
0.204722,0.204722
0.204722,0.204722
0.20472,0.20472
0.204719,0.204719
0.204714,0.204714
0.204712,0.204712
0.204712,0.204712
0.204712,0.204712
0.20471,0.20471
0.204709,0.204709
0.204709,0.204709
0.204709,0.204709
0.204708,0.204708
0.204707,0.204707
0.204706,0.204706
0.204705,0.204705
0.204704,0.204704
0.204703,0.204703
0.204703,0.204703
0.204703,0.204703
0.204703,0.204703
0.204701,0.204701
0.204701,0.204701
0.2047,0.2047
0.2047,0.2047
0.204698,0.204698
0.204698,0.204698
0.204697,0.204697
0.204696,0.204696
0.204696,0.204696
0.204695,0.204695
0.204695,0.204695
0.204694,0.204694
0.204694,0.204694
0.204693,0.204693
0.204693,0.204693
0.204692,0.204692
0.204692,0.204692
0.20469,0.20469
0.20469,0.20469
0.204689,0.204689
0.204689,0.204689
0.204687,0.204687
0.204686,0.204686
0.204686,0.204686
0.204686,0.204686
0.204685,0.204685
0.204685,0.204685
0.204684,0.204684
0.204684,0.204684
0.204683,0.204683
0.204683,0.204683
0.204683,0.204683
0.204683,0.204683
0.204681,0.204681
0.20468,0.20468
0.20468,0.20468
0.20468,0.20468
0.20468,0.20468
0.204679,0.204679
0.204678,0.204678
0.204677,0.204677
0.204676,0.204676
0.204675,0.204675
0.204675,0.204675
0.204674,0.204674
0.204673,0.204673
0.204673,0.204673
0.204672,0.204672
0.204672,0.204672
0.204672,0.204672
0.204671,0.204671
0.20467,0.20467
0.204669,0.204669
0.204669,0.204669
0.204668,0.204668
0.204668,0.204668
0.204666,0.204666
0.204666,0.204666
0.204665,0.204665
0.204663,0.204663
0.204663,0.204663
0.204662,0.204662
0.204662,0.204662
0.204662,0.204662
0.204662,0.204662
0.20466,0.20466
0.204659,0.204659
0.204657,0.204657
0.204657,0.204657
0.204655,0.204655
0.204655,0.204655
0.204655,0.204655
0.204655,0.204655
0.204654,0.204654
0.204654,0.204654
0.204653,0.204653
0.204652,0.204652
0.204652,0.204652
0.204651,0.204651
0.204651,0.204651
0.20465,0.20465
0.20465,0.20465
0.204649,0.204649
0.204649,0.204649
0.204649,0.204649
0.204649,0.204649
0.204648,0.204648
0.204647,0.204647
0.204646,0.204646
0.204645,0.204645
0.204645,0.204645
0.204645,0.204645
0.204643,0.204643
0.204642,0.204642
0.204642,0.204642
0.204641,0.204641
0.204639,0.204639
0.204639,0.204639
0.204638,0.204638
0.204637,0.204637
0.204637,0.204637
0.204637,0.204637
0.204637,0.204637
0.204636,0.204636
0.204636,0.204636
0.204636,0.204636
0.204635,0.204635
0.204635,0.204635
0.204634,0.204634
0.204634,0.204634
0.204633,0.204633
0.204633,0.204633
0.204632,0.204632
0.204632,0.204632
0.204632,0.204632
0.204631,0.204631
0.204629,0.204629
0.204629,0.204629
0.204627,0.204627
0.204626,0.204626
0.204626,0.204626
0.204626,0.204626
0.204625,0.204625
0.204625,0.204625
0.204625,0.204625
0.204624,0.204624
0.204624,0.204624
0.204624,0.204624
0.204622,0.204622
0.204621,0.204621
0.204621,0.204621
0.204621,0.204621
0.20462,0.20462
0.204619,0.204619
0.204619,0.204619
0.204619,0.204619
0.204618,0.204618
0.204615,0.204615
0.204615,0.204615
0.204615,0.203913
0.204615,0.204615
0.204614,0.204614
0.204614,0.204614
0.204613,0.204613
0.204612,0.204612
0.20461,0.20461
0.20461,0.20461
0.204609,0.204609
0.204608,0.204608
0.204608,0.204608
0.204607,0.204607
0.204607,0.204607
0.204606,0.204606
0.204606,0.204606
0.204605,0.204605
0.204605,0.204605
0.204603,0.204603
0.204602,0.204602
0.204602,0.204602
0.204601,0.204601
0.2046,0.2046
0.204599,0.204599
0.204597,0.204597
0.204597,0.204597
0.204596,0.204596
0.204596,0.204596
0.204595,0.204595
0.204595,0.204595
0.204594,0.204594
0.204594,0.204594
0.204594,0.204594
0.204591,0.204591
0.204591,0.204591
0.204591,0.204591
0.204591,0.204591
0.20459,0.20459
0.204589,0.204589
0.204589,0.204589
0.204587,0.204587
0.204586,0.204586
0.204585,0.204585
0.204583,0.204583
0.204583,0.204583
0.204583,0.204583
0.204582,0.204582
0.204582,0.204582
0.204582,0.204582
0.204582,0.204582
0.204581,0.204581
0.20458,0.20458
0.204579,0.204579
0.204579,0.204579
0.204577,0.204577
0.204576,0.204576
0.204576,0.204576
0.204575,0.204575
0.204574,0.204574
0.204574,0.204574
0.204573,0.204573
0.204572,0.204572
0.204572,0.204572
0.204571,0.204571
0.204571,0.204571
0.20457,0.20457
0.20457,0.20457
0.20457,0.20457
0.204569,0.204569
0.204567,0.204567
0.204566,0.204566
0.204566,0.204566
0.204565,0.204565
0.204565,0.204565
0.204564,0.204564
0.204564,0.204564
0.204563,0.204563
0.204563,0.204563
0.204563,0.204563
0.204563,0.204563
0.204559,0.204559
0.204558,0.204558
0.204558,0.204558
0.204558,0.204558
0.204558,0.204558
0.204557,0.204557
0.204555,0.204555
0.204555,0.204555
0.204554,0.204554
0.204551,0.204551
0.20455,0.20455
0.204548,0.204548
0.204548,0.204548
0.204545,0.204545
0.204545,0.204545
0.204544,0.204544
0.204544,0.204544
0.204541,0.204541
0.204541,0.204541
0.204541,0.204541
0.20454,0.20454
0.204539,0.204539
0.204537,0.204537
0.204537,0.204537
0.204536,0.204536
0.204536,0.204536
0.204534,0.204534
0.204534,0.204534
0.204533,0.204533
0.204533,0.204533
0.204532,0.204532
0.204532,0.204532
0.204532,0.204532
0.204529,0.204529
0.204527,0.204527
0.204526,0.204526
0.204524,0.204524
0.204523,0.204523
0.204522,0.204522
0.204521,0.204521
0.204521,0.204521
0.20452,0.20452
0.20452,0.20452
0.204519,0.204519
0.204519,0.204519
0.204519,0.204519
0.204518,0.204518
0.204518,0.204518
0.204517,0.204517
0.204517,0.204517
0.204516,0.204516
0.204516,0.204516
0.204512,0.204512
0.204511,0.204511
0.204511,0.204511
0.204511,0.204511
0.20451,0.20451
0.20451,0.20451
0.204509,0.204509
0.204509,0.204509
0.204508,0.204508
0.204507,0.204507
0.204507,0.204507
0.204506,0.204506
0.204506,0.204506
0.204505,0.204505
0.204505,0.204505
0.204504,0.204504
0.204504,0.204504
0.204502,0.204502
0.204501,0.204501
0.204501,0.204501
0.204501,0.204501
0.2045,0.2045
0.2045,0.2045
0.204499,0.204499
0.204498,0.204498
0.204498,0.204498
0.204498,0.204498
0.204497,0.204497
0.204497,0.204497
0.204496,0.204496
0.204496,0.204496
0.204494,0.204494
0.204493,0.204493
0.204493,0.204493
0.204493,0.204493
0.204492,0.204492
0.204492,0.204492
0.204492,0.204492
0.204492,0.204492
0.204491,0.204491
0.204491,0.204491
0.204491,0.204491
0.204491,0.204491
0.20449,0.20449
0.20449,0.20449
0.204489,0.204489
0.204489,0.204489
0.204488,0.204488
0.204487,0.204487
0.204487,0.204487
0.204487,0.204487
0.204486,0.204486
0.204486,0.204486
0.204484,0.204484
0.204483,0.204483
0.204482,0.204482
0.204481,0.204481
0.20448,0.20448
0.20448,0.20448
0.204479,0.204479
0.204479,0.204479
0.204479,0.204479
0.204479,0.204479
0.204477,0.204477
0.204476,0.204476
0.204475,0.204475
0.204475,0.204475
0.204474,0.204474
0.204472,0.204472
0.204472,0.204472
0.204472,0.204472
0.204472,0.204472
0.20447,0.20447
0.204469,0.204469
0.204468,0.204468
0.204468,0.204468
0.204467,0.204467
0.204467,0.204467
0.204467,0.204467
0.204467,0.204467
0.204466,0.204466
0.204466,0.204466
0.204466,0.204466
0.204465,0.204465
0.204465,0.204465
0.204465,0.204465
0.204465,0.204465
0.204464,0.204464
0.204463,0.204463
0.204462,0.204462
0.204462,0.204462
0.204461,0.204461
0.20446,0.20446
0.20446,0.20446
0.204458,0.204458
0.204458,0.204458
0.204456,0.204456
0.204455,0.204455
0.204455,0.204455
0.204454,0.204454
0.204453,0.204453
0.204453,0.204453
0.204453,0.204453
0.204452,0.204452
0.204452,0.204452
0.204452,0.204452
0.204452,0.204452
0.204451,0.204451
0.204451,0.204451
0.20445,0.20445
0.204449,0.204449
0.204446,0.204446
0.204445,0.204445
0.204445,0.204445
0.204445,0.204445
0.204445,0.204445
0.204443,0.204443
0.204443,0.204443
0.204442,0.204442
0.204441,0.204441
0.204441,0.204441
0.20444,0.20444
0.20444,0.20444
0.204439,0.204439
0.204439,0.204439
0.204439,0.204439
0.204438,0.204438
0.204436,0.204436
0.204435,0.204435
0.204434,0.204434
0.204432,0.204432
0.204432,0.204432
0.204432,0.204432
0.20443,0.20443
0.204429,0.204429
0.204428,0.204428
0.204428,0.204428
0.204428,0.204428
0.204427,0.204427
0.204427,0.204427
0.204425,0.204425
0.204425,0.204425
0.204425,0.204425
0.204424,0.204424
0.204424,0.204424
0.204423,0.204423
0.204423,0.204423
0.204422,0.204422
0.204421,0.204421
0.20442,0.20442
0.204419,0.204419
0.204417,0.204417
0.204416,0.204416
0.204416,0.204416
0.204415,0.204415
0.204415,0.204415
0.204415,0.204415
0.204414,0.204414
0.204411,0.204411
0.204411,0.204411
0.20441,0.20441
0.20441,0.20441
0.204408,0.204408
0.204408,0.204408
0.204407,0.204407
0.204407,0.204407
0.204407,0.204407
0.204405,0.204405
0.204405,0.204405
0.204405,0.204405
0.204405,0.204405
0.204403,0.204403
0.204402,0.204402
0.204402,0.204402
0.2044,0.2044
0.2044,0.2044
0.2044,0.2044
0.204399,0.204399
0.204398,0.204398
0.204397,0.204397
0.204397,0.204397
0.204397,0.204397
0.204397,0.204397
0.204396,0.204396
0.204396,0.204396
0.204394,0.204394
0.204394,0.204394
0.204394,0.204394
0.204392,0.204392
0.204391,0.204391
0.204391,0.204391
0.204391,0.204391
0.20439,0.20439
0.204389,0.204389
0.204389,0.204389
0.204388,0.204388
0.204387,0.204387
0.204387,0.204387
0.204387,0.204387
0.204386,0.204386
0.204386,0.204386
0.204386,0.204386
0.204385,0.204385
0.204384,0.204384
0.204384,0.204384
0.204383,0.204383
0.204382,0.204382
0.204382,0.204382
0.204382,0.204382
0.204382,0.204382
0.204381,0.204381
0.204381,0.204381
0.204381,0.204381
0.204381,0.204381
0.204379,0.204379
0.204376,0.204376
0.204376,0.204376
0.204375,0.204375
0.204375,0.204375
0.204375,0.204375
0.204374,0.204374
0.204373,0.204373
0.204372,0.204372
0.204372,0.204372
0.204371,0.204371
0.20437,0.20437
0.204369,0.204369
0.204369,0.204369
0.204369,0.204369
0.204368,0.204368
0.204367,0.204367
0.204367,0.204367
0.204367,0.204367
0.204367,0.204367
0.204365,0.204365
0.204364,0.204364
0.204363,0.204363
0.204363,0.204363
0.204362,0.204362
0.204361,0.204361
0.204361,0.204361
0.204359,0.204359
0.204359,0.204359
0.204358,0.204358
0.204357,0.204357
0.204355,0.204355
0.204354,0.204354
0.204353,0.204353
0.204353,0.204353
0.204352,0.204352
0.20435,0.20435
0.20435,0.20435
0.20435,0.20435
0.20435,0.20435
0.204349,0.204349
0.204348,0.204348
0.204347,0.204347
0.204347,0.204347
0.204346,0.204346
0.204344,0.204344
0.204344,0.204344
0.204344,0.204344
0.204344,0.204344
0.204342,0.204342
0.204341,0.204341
0.204341,0.204341
0.20434,0.20434
0.204339,0.204339
0.204339,0.204339
0.204339,0.204339
0.204339,0.204339
0.204338,0.204338
0.204338,0.204338
0.204338,0.204338
0.204336,0.204336
0.204335,0.204335
0.204335,0.204335
0.204334,0.204334
0.204332,0.204332
0.204332,0.204332
0.20433,0.20433
0.204329,0.204329
0.204329,0.204329
0.204329,0.204329
0.204327,0.204327
0.204326,0.204326
0.204325,0.204325
0.204325,0.204325
0.204324,0.204324
0.204324,0.204324
0.204324,0.204324
0.204324,0.204324
0.204323,0.204323
0.204321,0.204321
0.204321,0.204321
0.20432,0.20432
0.204319,0.204319
0.204319,0.204319
0.204318,0.204318
0.204318,0.204318
0.204318,0.204318
0.204318,0.204318
0.204316,0.204316
0.204316,0.204316
0.204315,0.204315
0.204315,0.204315
0.204314,0.204314
0.204312,0.204312
0.20431,0.20431
0.204308,0.204308
0.204308,0.204308
0.204306,0.204306
0.204306,0.204306
0.204304,0.204304
0.204302,0.204302
0.204299,0.204299
0.204299,0.204299
0.204299,0.204299
0.204299,0.204299
0.204298,0.204298
0.204298,0.204298
0.204298,0.204298
0.204297,0.204297
0.204296,0.204296
0.204295,0.204295
0.204294,0.204294
0.204294,0.204294
0.204294,0.204294
0.204294,0.204294
0.204293,0.204293
0.204293,0.204293
0.204292,0.204292
0.204292,0.204292
0.204292,0.204292
0.204292,0.204292
0.204291,0.204291
0.20429,0.20429
0.20429,0.20429
0.204289,0.204289
0.204288,0.204288
0.204288,0.204288
0.204288,0.204288
0.204287,0.204287
0.204283,0.204283
0.204283,0.204283
0.204281,0.204281
0.20428,0.20428
0.20428,0.20428
0.204279,0.204279
0.204278,0.204278
0.204278,0.204278
0.204278,0.204278
0.204276,0.204276
0.204276,0.204276
0.204276,0.204276
0.204273,0.204273
0.204272,0.203738
0.204272,0.204272
0.204271,0.204271
0.204271,0.204271
0.204271,0.204271
0.20427,0.20427
0.20427,0.20427
0.20427,0.20427
0.204269,0.204269
0.204269,0.204269
0.204269,0.204269
0.204268,0.203954
0.204268,0.204268
0.204268,0.204268
0.204266,0.204266
0.204265,0.204265
0.204265,0.204265
0.204265,0.204265
0.204265,0.204265
0.204265,0.204265
0.204265,0.204265
0.204263,0.204263
0.204263,0.204263
0.204262,0.204262
0.204261,0.204261
0.204259,0.204259
0.204259,0.204259
0.204258,0.204258
0.204258,0.204258
0.204258,0.204258
0.204256,0.204256
0.204256,0.204256
0.204256,0.204256
0.204256,0.204256
0.204254,0.204254
0.204254,0.204254
0.204254,0.204254
0.204253,0.204253
0.204252,0.204252
0.204251,0.204251
0.20425,0.20425
0.20425,0.20425
0.20425,0.20425
0.204249,0.204249
0.204249,0.204249
0.204249,0.204249
0.204248,0.204248
0.204247,0.204247
0.204247,0.204247
0.204246,0.204246
0.204246,0.204246
0.204246,0.204246
0.204245,0.204245
0.204244,0.204244
0.204244,0.204244
0.204244,0.204244
0.204243,0.204243
0.204243,0.204243
0.204243,0.204243
0.204243,0.204243
0.204241,0.204241
0.204241,0.204241
0.20424,0.20424
0.20424,0.20424
0.204239,0.204239
0.204239,0.204239
0.204239,0.204239
0.204238,0.204238
0.204237,0.204237
0.204237,0.204237
0.204237,0.204237
0.204236,0.204236
0.204236,0.204236
0.204236,0.204236
0.204235,0.204235
0.204235,0.204235
0.204234,0.204234
0.204234,0.204234
0.204231,0.204231
0.20423,0.20423
0.204229,0.204229
0.204229,0.204229
0.204228,0.204228
0.204228,0.204228
0.204228,0.204228
0.204227,0.204227
0.204226,0.204226
0.204226,0.204226
0.204224,0.204224
0.204224,0.204224
0.204223,0.204223
0.204223,0.204223
0.204221,0.204221
0.204221,0.204221
0.204221,0.204221
0.20422,0.20422
0.20422,0.20422
0.204219,0.204219
0.204219,0.204219
0.204219,0.204219
0.204219,0.204219
0.204218,0.204218
0.204218,0.204218
0.204217,0.204217
0.204216,0.204216
0.204215,0.204215
0.204215,0.204215
0.204214,0.204214
0.204211,0.204211
0.20421,0.20421
0.204209,0.204209
0.204209,0.204209
0.204208,0.204208
0.204208,0.204208
0.204207,0.204207
0.204205,0.204205
0.204204,0.204204
0.204203,0.204203
0.204201,0.204201
0.204199,0.204199
0.204199,0.204199
0.204199,0.204199
0.204197,0.204197
0.204196,0.204196
0.204195,0.204195
0.204193,0.204193
0.204192,0.204192
0.204191,0.204191
0.204191,0.204191
0.20419,0.20419
0.20419,0.20419
0.204189,0.204189
0.204188,0.204188
0.204187,0.204187
0.204184,0.204184
0.204184,0.204184
0.204184,0.204184
0.204184,0.204184
0.204184,0.204184
0.204184,0.204184
0.204184,0.204184
0.204183,0.204183
0.204183,0.204183
0.204183,0.204183
0.204181,0.204181
0.204181,0.204181
0.20418,0.20418
0.204179,0.204179
0.204179,0.204179
0.204177,0.204177
0.204176,0.204176
0.204176,0.204176
0.204176,0.204176
0.204176,0.204176
0.204175,0.204175
0.204175,0.204175
0.204175,0.204175
0.204175,0.204175
0.204173,0.204173
0.204173,0.204173
0.204172,0.204172
0.204172,0.204172
0.204172,0.204172
0.204171,0.204171
0.20417,0.20417
0.204169,0.204169
0.204169,0.204169
0.204169,0.204169
0.204169,0.204169
0.204168,0.204168
0.204168,0.204168
0.204166,0.204166
0.204164,0.204164
0.204163,0.204163
0.204163,0.204163
0.204162,0.204162
0.204162,0.204162
0.204162,0.204162
0.204162,0.204162
0.204161,0.204161
0.204161,0.204161
0.204161,0.204161
0.204161,0.204161
0.204161,0.204161
0.204161,0.204161
0.204159,0.204159
0.204159,0.204159
0.204158,0.204158
0.204158,0.204158
0.204158,0.204158
0.204158,0.204158
0.204157,0.204157
0.204157,0.204157
0.204156,0.204156
0.204156,0.204156
0.204155,0.204155
0.204155,0.204155
0.204154,0.204154
0.204154,0.204154
0.204154,0.204154
0.204154,0.204154
0.204152,0.204152
0.204152,0.204152
0.204151,0.204151
0.204151,0.204151
0.204149,0.204149
0.204147,0.204147
0.204145,0.204145
0.204145,0.204145
0.204145,0.204145
0.204144,0.204144
0.204143,0.204143
0.204143,0.204143
0.204142,0.204142
0.204142,0.204142
0.204142,0.204142
0.204141,0.204141
0.204139,0.204139
0.204139,0.204139
0.204137,0.204137
0.204136,0.204136
0.204135,0.204135
0.204135,0.204135
0.204134,0.204134
0.204134,0.204134
0.204134,0.204134
0.204134,0.204134
0.204133,0.204133
0.204133,0.204133
0.204132,0.204132
0.204132,0.204132
0.204131,0.204131
0.204131,0.204131
0.204128,0.204128
0.204128,0.204128
0.204128,0.204128
0.204127,0.204127
0.204127,0.204127
0.204126,0.204126
0.204126,0.204126
0.204125,0.204125
0.204124,0.204124
0.204124,0.204124
0.204123,0.204123
0.204123,0.204123
0.204122,0.204122
0.204122,0.204122
0.204122,0.204122
0.204121,0.204121
0.20412,0.20412
0.20412,0.20412
0.204119,0.204119
0.204119,0.204119
0.204118,0.204118
0.204117,0.204117
0.204115,0.204115
0.204115,0.204115
0.204113,0.204113
0.20411,0.20411
0.204109,0.204109
0.204108,0.204108
0.204108,0.204108
0.204107,0.204107
0.204106,0.204106
0.204106,0.204106
0.204106,0.204106
0.204106,0.204106
0.204105,0.204105
0.204105,0.204105
0.204104,0.204104
0.204104,0.204104
0.204104,0.204104
0.204104,0.204104
0.204103,0.204103
0.204103,0.204103
0.204103,0.204103
0.204102,0.204102
0.204102,0.204102
0.204101,0.204101
0.204101,0.204101
0.204101,0.204101
0.2041,0.2041
0.2041,0.2041
0.2041,0.2041
0.204099,0.204099
0.204099,0.204099
0.204098,0.204098
0.204096,0.204096
0.204096,0.204096
0.204095,0.204095
0.204094,0.204094
0.204094,0.204094
0.204093,0.204093
0.204092,0.204092
0.204092,0.204092
0.204092,0.204092
0.204091,0.204091
0.204091,0.203908
0.204091,0.204091
0.20409,0.20409
0.204089,0.204089
0.204089,0.204089
0.204089,0.204089
0.204088,0.204088
0.204087,0.204087
0.204086,0.204086
0.204086,0.204086
0.204085,0.204085
0.204085,0.204085
0.204085,0.204085
0.204084,0.204084
0.204084,0.204084
0.204084,0.204084
0.204083,0.204083
0.204082,0.204082
0.204082,0.204082
0.204081,0.204081
0.20408,0.20408
0.20408,0.20408
0.204079,0.204079
0.204078,0.204078
0.204078,0.204078
0.204077,0.204077
0.204077,0.204077
0.204077,0.204077
0.204077,0.204077
0.204076,0.204076
0.204076,0.204076
0.204074,0.204074
0.204073,0.204073
0.204072,0.204072
0.20407,0.20407
0.20407,0.20407
0.204069,0.204069
0.204068,0.204068
0.204068,0.204068
0.204067,0.204067
0.204066,0.204066
0.204065,0.204065
0.204065,0.204065
0.204064,0.204064
0.204064,0.204064
0.204063,0.204063
0.204063,0.204063
0.204062,0.204062
0.204062,0.204062
0.204061,0.204061
0.204061,0.204061
0.204059,0.204059
0.204059,0.204059
0.204059,0.204059
0.204059,0.204059
0.204058,0.204058
0.204058,0.204058
0.204058,0.204058
0.204056,0.204056
0.204055,0.204055
0.204053,0.204053
0.204051,0.204051
0.204051,0.204051
0.20405,0.20405
0.204049,0.204049
0.204049,0.204049
0.204047,0.204047
0.204047,0.204047
0.204046,0.204046
0.204046,0.204046
0.204045,0.204045
0.204045,0.204045
0.204045,0.204045
0.204044,0.204044
0.204042,0.204042
0.204042,0.204042
0.204041,0.204041
0.20404,0.20404
0.20404,0.20404
0.204038,0.204038
0.204037,0.204037
0.204036,0.204036
0.204036,0.204036
0.204036,0.204036
0.204036,0.204036
0.204035,0.204035
0.204035,0.204035
0.204034,0.204034
0.204034,0.204034
0.204033,0.204033
0.204033,0.204033
0.204033,0.204033
0.204033,0.204033
0.204031,0.204031
0.20403,0.20403
0.20403,0.20403
0.204029,0.204029
0.204028,0.204028
0.204026,0.204026
0.204026,0.204026
0.204025,0.204025
0.204025,0.204025
0.204024,0.204024
0.204024,0.204024
0.204022,0.204022
0.204022,0.204022
0.204022,0.204022
0.204022,0.204022
0.204021,0.204021
0.204021,0.204021
0.204021,0.204021
0.20402,0.20402
0.20402,0.20402
0.20402,0.20402
0.204019,0.204019
0.204019,0.204019
0.204019,0.204019
0.204018,0.204018
0.204017,0.204017
0.204015,0.204015
0.204014,0.204014
0.204014,0.204014
0.204012,0.204012
0.204012,0.204012
0.204012,0.204012
0.204012,0.204012
0.20401,0.20401
0.20401,0.20401
0.20401,0.20401
0.204009,0.204009
0.204007,0.204007
0.204005,0.204005
0.204004,0.204004
0.204002,0.204002
0.204,0.204
0.203998,0.203998
0.203997,0.203997
0.203997,0.203997
0.203997,0.203997
0.203997,0.203997
0.203996,0.203996
0.203996,0.203996
0.203996,0.203996
0.203995,0.203995
0.203995,0.203995
0.203995,0.203995
0.203995,0.203995
0.203994,0.203994
0.203993,0.203993
0.203992,0.203992
0.203992,0.203992
0.203992,0.203992
0.203992,0.203992
0.203991,0.203991
0.203989,0.203989
0.203989,0.203989
0.203988,0.203988
0.203986,0.203986
0.203986,0.203986
0.203984,0.203984
0.203983,0.203983
0.203981,0.203981
0.203981,0.203981
0.203981,0.203981
0.203981,0.203981
0.203979,0.203979
0.203978,0.203978
0.203977,0.203977
0.203976,0.203976
0.203976,0.203976
0.203976,0.203976
0.203976,0.203976
0.203976,0.203976
0.203975,0.203975
0.203975,0.203975
0.203975,0.203975
0.203974,0.203974
0.203974,0.203974
0.203973,0.203973
0.203973,0.203973
0.203973,0.203973
0.203972,0.203972
0.203972,0.203972
0.203972,0.203972
0.203971,0.203971
0.20397,0.20397
0.203969,0.203969
0.203968,0.203968
0.203968,0.203968
0.203967,0.203967
0.203966,0.203966
0.203965,0.203965
0.203965,0.203965
0.203965,0.203965
0.203964,0.203964
0.203964,0.203964
0.203964,0.203964
0.203964,0.203964
0.203963,0.203963
0.203962,0.203962
0.203962,0.203962
0.203961,0.203961
0.20396,0.20396
0.20396,0.20396
0.20396,0.20396
0.203959,0.203959
0.203957,0.203957
0.203957,0.203957
0.203957,0.203957
0.203954,0.203954
0.203952,0.203952
0.203952,0.203952
0.20395,0.20395
0.20395,0.20395
0.20395,0.20395
0.20395,0.20395
0.20395,0.20395
0.203949,0.203949
0.203949,0.203949
0.203947,0.203947
0.203946,0.203946
0.203946,0.203946
0.203945,0.203945
0.203945,0.203945
0.203944,0.203944
0.203942,0.203942
0.203941,0.203941
0.203941,0.203941
0.203941,0.203941
0.20394,0.20394
0.203939,0.203939
0.203939,0.203939
0.203938,0.203938
0.203937,0.203937
0.203936,0.203936
0.203936,0.203936
0.203935,0.203935
0.203934,0.203934
0.203934,0.203934
0.203934,0.203934
0.203934,0.203934
0.203933,0.203933
0.203929,0.203929
0.203928,0.203928
0.203927,0.203927
0.203927,0.203927
0.203926,0.203926
0.203926,0.203926
0.203925,0.203925
0.203923,0.203923
0.203922,0.203922
0.203922,0.203922
0.20392,0.20392
0.20392,0.20392
0.20392,0.20392
0.203919,0.203919
0.203919,0.203919
0.203918,0.203918
0.203918,0.203918
0.203918,0.203918
0.203914,0.203914
0.203912,0.203912
0.203909,0.203909
0.203907,0.203907
0.203907,0.203907
0.203907,0.203907
0.203906,0.203906
0.203906,0.203906
0.203904,0.203904
0.203904,0.203904
0.203904,0.203904
0.203903,0.203903
0.203902,0.203902
0.203902,0.203902
0.2039,0.2039
0.203898,0.203898
0.203898,0.203898
0.203896,0.203896
0.203896,0.203896
0.203895,0.203895
0.203894,0.203894
0.203894,0.203894
0.203893,0.203893
0.203892,0.203892
0.203892,0.203892
0.203892,0.203892
0.203891,0.203891
0.203891,0.203891
0.20389,0.20389
0.203889,0.203889
0.203888,0.203888
0.203887,0.203887
0.203887,0.203887
0.203886,0.203886
0.203884,0.203884
0.203884,0.203884
0.203884,0.203884
0.203883,0.203883
0.203883,0.203883
0.203883,0.203883
0.203883,0.203883
0.203882,0.203882
0.203882,0.203882
0.203882,0.203882
0.203882,0.203882
0.203881,0.203881
0.203881,0.203881
0.20388,0.20388
0.203879,0.203879
0.203878,0.203878
0.203878,0.203878
0.203877,0.203877
0.203874,0.203874
0.203874,0.203874
0.203873,0.203873
0.203873,0.203873
0.203872,0.203872
0.203871,0.203871
0.203871,0.203871
0.20387,0.20387
0.20387,0.20387
0.20387,0.20387
0.20387,0.20387
0.20387,0.20387
0.203869,0.203869
0.203868,0.203868
0.203868,0.203868
0.203866,0.203866
0.203866,0.203866
0.203866,0.203866
0.203864,0.203864
0.203864,0.203864
0.203864,0.203864
0.203863,0.203863
0.203862,0.203862
0.203861,0.203861
0.203861,0.203861
0.203861,0.203861
0.203861,0.203861
0.203861,0.203861
0.20386,0.20386
0.20386,0.20386
0.20386,0.20386
0.203859,0.203859
0.203859,0.203859
0.203859,0.203859
0.203858,0.203858
0.203858,0.203858
0.203857,0.203857
0.203857,0.203857
0.203856,0.203856
0.203855,0.203855
0.203855,0.203855
0.203855,0.203855
0.203854,0.203854
0.203854,0.203854
0.203853,0.203853
0.203852,0.203852
0.203851,0.203851
0.20385,0.20385
0.20385,0.20385
0.20385,0.20385
0.20385,0.20385
0.20385,0.20385
0.203849,0.203849
0.203848,0.203848
0.203848,0.203848
0.203847,0.203847
0.203847,0.203847
0.203847,0.203847
0.203846,0.203846
0.203846,0.203846
0.203846,0.203846
0.203845,0.203845
0.203845,0.203845
0.203844,0.203844
0.203844,0.203844
0.203844,0.203844
0.203843,0.203843
0.203841,0.203841
0.20384,0.20384
0.203838,0.203838
0.203837,0.203837
0.203837,0.203837
0.203836,0.203836
0.203834,0.203834
0.203832,0.203832
0.203832,0.203832
0.203832,0.203832
0.203832,0.203832
0.203831,0.203831
0.20383,0.20383
0.20383,0.20383
0.203829,0.203829
0.203829,0.203829
0.203827,0.203827
0.203826,0.203826
0.203826,0.203826
0.203826,0.203826
0.203826,0.203826
0.203826,0.203826
0.203826,0.203826
0.203825,0.203825
0.203825,0.203825
0.203825,0.203825
0.203824,0.203824
0.203824,0.203824
0.203823,0.203823
0.203823,0.203823
0.203822,0.203822
0.203822,0.203822
0.20382,0.20382
0.20382,0.20382
0.20382,0.20382
0.203819,0.203819
0.203819,0.203819
0.203819,0.203819
0.203817,0.203817
0.203817,0.203817
0.203816,0.203816
0.203816,0.203816
0.203815,0.203815
0.203813,0.203813
0.203813,0.203813
0.203813,0.203813
0.203812,0.203812
0.203812,0.203812
0.203811,0.203811
0.20381,0.20381
0.20381,0.20381
0.203807,0.203807
0.203807,0.203807
0.203807,0.203807
0.203807,0.203807
0.203805,0.203805
0.203804,0.203804
0.203803,0.203803
0.203803,0.203803
0.203803,0.203803
0.203803,0.203803
0.203801,0.203801
0.203801,0.203801
0.2038,0.2038
0.203799,0.203799
0.203798,0.203798
0.203798,0.203798
0.203796,0.203796
0.203796,0.203796
0.203794,0.203794
0.203794,0.203794
0.203792,0.203792
0.203792,0.203792
0.203791,0.203791
0.203791,0.203791
0.20379,0.20379
0.20379,0.20379
0.20379,0.20379
0.203789,0.203789
0.203789,0.203789
0.203787,0.203787
0.203787,0.203787
0.203785,0.203785
0.203783,0.203783
0.203782,0.203782
0.203782,0.203782
0.203782,0.203782
0.20378,0.20378
0.20378,0.20378
0.20378,0.20378
0.203779,0.203779
0.203778,0.203778
0.203777,0.203777
0.203777,0.203777
0.203776,0.203776
0.203776,0.203776
0.203775,0.203775
0.203774,0.203774
0.203774,0.203774
0.203773,0.203773
0.203772,0.203772
0.203772,0.203772
0.203772,0.203772
0.203771,0.203771
0.203769,0.203769
0.203769,0.203769
0.203769,0.203769
0.203768,0.203768
0.203768,0.203768
0.203767,0.203767
0.203767,0.203767
0.203765,0.203765
0.203764,0.203764
0.203763,0.203763
0.203763,0.203763
0.203762,0.203762
0.203762,0.203762
0.203761,0.203761
0.203761,0.203761
0.20376,0.20376
0.203757,0.203757
0.203756,0.203756
0.203755,0.203755
0.203754,0.203754
0.203752,0.203752
0.203752,0.203752
0.203751,0.203751
0.203751,0.203751
0.20375,0.20375
0.203749,0.203749
0.203749,0.203749
0.203747,0.203747
0.203747,0.203747
0.203746,0.203746
0.203746,0.203746
0.203745,0.203745
0.203743,0.203743
0.203743,0.203743
0.203743,0.203743
0.203742,0.203742
0.203742,0.203742
0.20374,0.20374
0.203739,0.203739
0.203738,0.203738
0.203738,0.203738
0.203737,0.203737
0.203736,0.203736
0.203736,0.203736
0.203736,0.203736
0.203735,0.203735
0.203733,0.203733
0.203732,0.203732
0.203731,0.203731
0.203731,0.203731
0.20373,0.20373
0.203729,0.203729
0.203728,0.203728
0.203728,0.203728
0.203727,0.203727
0.203726,0.203726
0.203725,0.203725
0.203725,0.203725
0.203724,0.203724
0.203724,0.203724
0.203723,0.203723
0.203723,0.203723
0.203723,0.203723
0.203722,0.203722
0.203722,0.203722
0.203722,0.203722
0.203721,0.203721
0.203721,0.203721
0.20372,0.20372
0.20372,0.20372
0.203718,0.203718
0.203717,0.203717
0.203717,0.203717
0.203716,0.203716
0.203716,0.203716
0.203715,0.203715
0.203715,0.203715
0.203714,0.203714
0.203714,0.203714
0.203713,0.203713
0.203713,0.203713
0.203712,0.203712
0.203712,0.203712
0.203711,0.203711
0.203711,0.203711
0.203711,0.203711
0.203711,0.203711
0.20371,0.20371
0.20371,0.20371
0.203709,0.203709
0.203707,0.203707
0.203706,0.203706
0.203705,0.203705
0.203704,0.203704
0.203704,0.203704
0.203701,0.203701
0.2037,0.2037
0.2037,0.2037
0.2037,0.2037
0.203698,0.203698
0.203698,0.203698
0.203695,0.203695
0.203695,0.203695
0.203694,0.203694
0.203693,0.203693
0.203693,0.203693
0.203692,0.203692
0.203692,0.203692
0.203692,0.203692
0.203691,0.203691
0.203689,0.203689
0.203687,0.203687
0.203685,0.203685
0.203684,0.203684
0.203683,0.203683
0.203683,0.203683
0.203682,0.203682
0.203681,0.203681
0.20368,0.20368
0.203679,0.203679
0.203679,0.203679
0.203678,0.203678
0.203678,0.203678
0.203678,0.203678
0.203677,0.203677
0.203675,0.203675
0.203675,0.203675
0.203675,0.203675
0.203675,0.203675
0.203674,0.203674
0.203674,0.203674
0.203674,0.203674
0.203674,0.203674
0.203674,0.203674
0.203673,0.203673
0.203673,0.203673
0.203673,0.203673
0.203673,0.203673
0.203671,0.203671
0.20367,0.20367
0.203669,0.203669
0.203669,0.203669
0.203668,0.203668
0.203666,0.203666
0.203666,0.203666
0.203666,0.203666
0.203663,0.203663
0.203663,0.203663
0.203663,0.203663
0.203662,0.203662
0.203662,0.203662
0.203662,0.203662
0.203659,0.203659
0.203659,0.203659
0.203657,0.203657
0.203657,0.203657
0.203656,0.203656
0.203656,0.203656
0.203655,0.203655
0.203655,0.203655
0.203654,0.203654
0.203654,0.203654
0.203654,0.203654
0.203653,0.203653
0.203651,0.203651
0.20365,0.20365
0.20365,0.20365
0.203648,0.203648
0.203646,0.203646
0.203645,0.203645
0.203645,0.203645
0.203644,0.203644
0.203643,0.203643
0.203643,0.203643
0.203642,0.203642
0.203641,0.203641
0.203641,0.203641
0.203641,0.203641
0.20364,0.20364
0.203639,0.203639
0.203639,0.203639
0.203638,0.203638
0.203637,0.203637
0.203637,0.203637
0.203637,0.203637
0.203636,0.203636
0.203635,0.203635
0.203635,0.203635
0.203634,0.203634
0.203634,0.203634
0.203634,0.203634
0.203634,0.203634
0.203634,0.203634
0.203633,0.203633
0.203632,0.203632
0.20363,0.20363
0.20363,0.20363
0.203628,0.203628
0.203627,0.203627
0.203626,0.203626
0.203626,0.203626
0.203625,0.203625
0.203624,0.203624
0.203624,0.203624
0.203623,0.203623
0.203623,0.203623
0.203622,0.203622
0.203622,0.203622
0.20362,0.20362
0.203618,0.203618
0.203618,0.203618
0.203616,0.203616
0.203616,0.203616
0.203616,0.203616
0.203615,0.203615
0.203615,0.203615
0.203614,0.203614
0.203613,0.203613
0.203613,0.203613
0.203613,0.203613
0.203612,0.203612
0.203612,0.203612
0.203611,0.203611
0.203611,0.203611
0.203611,0.203611
0.20361,0.20361
0.20361,0.20361
0.203609,0.203609
0.203608,0.203608
0.203608,0.203608
0.203608,0.203608
0.203608,0.203608
0.203607,0.203607
0.203607,0.203607
0.203606,0.203606
0.203606,0.203606
0.203605,0.203605
0.203605,0.203605
0.203603,0.203603
0.203603,0.203603
0.203602,0.203602
0.203602,0.203602
0.203602,0.203602
0.203602,0.203602
0.2036,0.2036
0.203596,0.203596
0.203596,0.203596
0.203595,0.203595
0.203595,0.203595
0.203593,0.203593
0.203593,0.203593
0.203591,0.203591
0.203591,0.203591
0.20359,0.20359
0.20359,0.20359
0.203589,0.203589
0.203588,0.203588
0.203587,0.203587
0.203587,0.203587
0.203586,0.203586
0.203586,0.203586
0.203586,0.203586
0.203586,0.203586
0.203584,0.203584
0.203584,0.203584
0.203583,0.203583
0.203583,0.203583
0.203582,0.203582
0.203581,0.203581
0.203581,0.203581
0.203581,0.203581
0.203581,0.203581
0.203581,0.203581
0.20358,0.20358
0.20358,0.20358
0.20358,0.20358
0.203579,0.203579
0.203579,0.203579
0.203577,0.203577
0.203575,0.203575
0.203574,0.203574
0.203574,0.203574
0.20357,0.20357
0.20357,0.20357
0.20357,0.20357
0.20357,0.20357
0.20357,0.20357
0.203569,0.203569
0.203569,0.203569
0.203568,0.203568
0.203568,0.203568
0.203567,0.203567
0.203567,0.203567
0.203567,0.203567
0.203567,0.203567
0.203566,0.203566
0.203566,0.203566
0.203563,0.203563
0.203563,0.203563
0.203562,0.203562
0.203562,0.203562
0.203562,0.203562
0.203561,0.203561
0.203561,0.203561
0.20356,0.20356
0.203559,0.203559
0.203559,0.203559
0.203557,0.203557
0.203557,0.203557
0.203557,0.203557
0.203556,0.203556
0.203555,0.203555
0.203555,0.203555
0.203555,0.203555
0.203554,0.203554
0.203553,0.203553
0.203553,0.203553
0.20355,0.20355
0.20355,0.20355
0.203549,0.203549
0.203549,0.203549
0.203547,0.203547
0.203547,0.203547
0.203547,0.203547
0.203546,0.203546
0.203546,0.203546
0.203545,0.203545
0.203545,0.203545
0.203544,0.203544
0.203544,0.203544
0.203543,0.203543
0.203543,0.203543
0.203542,0.203542
0.203542,0.203542
0.203541,0.203541
0.20354,0.20354
0.20354,0.20354
0.203539,0.203539
0.203539,0.203539
0.203539,0.203539
0.203538,0.203538
0.203538,0.203538
0.203538,0.203538
0.203538,0.203538
0.203537,0.203537
0.203537,0.203537
0.203536,0.203536
0.203535,0.203535
0.203535,0.203535
0.203534,0.203534
0.203534,0.203534
0.203534,0.203534
0.203534,0.203534
0.203534,0.203534
0.203533,0.203533
0.203532,0.203532
0.203532,0.203532
0.203531,0.203531
0.20353,0.20353
0.203526,0.203526
0.203525,0.203525
0.203523,0.203523
0.203523,0.203523
0.203522,0.203522
0.203522,0.203522
0.203521,0.203521
0.203521,0.203521
0.20352,0.20352
0.20352,0.20352
0.20352,0.20352
0.203519,0.203519
0.203519,0.203519
0.203519,0.203519
0.203519,0.203519
0.203518,0.203518
0.203518,0.203518
0.203516,0.203516
0.203515,0.203515
0.203515,0.203515
0.203514,0.203514
0.203514,0.203514
0.203513,0.203513
0.203513,0.203513
0.203513,0.203513
0.203513,0.203513
0.203512,0.203512
0.203512,0.203512
0.203512,0.203512
0.203511,0.203511
0.20351,0.20351
0.20351,0.20351
0.203508,0.203508
0.203508,0.203508
0.203507,0.203507
0.203507,0.203507
0.203506,0.203506
0.203506,0.203506
0.203506,0.203506
0.203505,0.203505
0.203504,0.203504
0.203504,0.203504
0.203503,0.203503
0.203503,0.203503
0.203503,0.203503
0.203502,0.203502
0.203501,0.203501
0.203501,0.203501
0.2035,0.2035
0.203499,0.203499
0.203498,0.203498
0.203498,0.203498
0.203497,0.203497
0.203496,0.203496
0.203495,0.203495
0.203494,0.203494
0.203493,0.203493
0.203493,0.203493
0.203492,0.203492
0.20349,0.20349
0.20349,0.20349
0.20349,0.20349
0.20349,0.20349
0.203489,0.203489
0.203489,0.203489
0.203489,0.203489
0.203489,0.203489
0.203488,0.203488
0.203488,0.203488
0.203487,0.203487
0.203487,0.203487
0.203487,0.203487
0.203486,0.203486
0.203486,0.203486
0.203485,0.203485
0.203485,0.203485
0.203485,0.203485
0.203483,0.203483
0.203483,0.203483
0.203482,0.203482
0.203481,0.203481
0.20348,0.20348
0.203479,0.203479
0.203478,0.203478
0.203478,0.203478
0.203478,0.203478
0.203478,0.203478
0.203477,0.203477
0.203477,0.203477
0.203477,0.203477
0.203477,0.203477
0.203476,0.203476
0.203475,0.203475
0.203475,0.203475
0.203475,0.203475
0.203474,0.203474
0.203473,0.203473
0.203472,0.203472
0.203471,0.203471
0.20347,0.20347
0.203468,0.203468
0.203468,0.203468
0.203467,0.203467
0.203467,0.203467
0.203466,0.203466
0.203464,0.203464
0.203464,0.203464
0.203464,0.203464
0.203464,0.203464
0.203464,0.203464
0.203463,0.203463
0.203463,0.203463
0.203462,0.203462
0.20346,0.20346
0.20346,0.20346
0.20346,0.20346
0.20346,0.20346
0.203459,0.203459
0.203458,0.203458
0.203458,0.203458
0.203458,0.203458
0.203456,0.203456
0.203456,0.203456
0.203456,0.203456
0.203455,0.203455
0.203454,0.203454
0.203454,0.203454
0.203454,0.203454
0.203454,0.203454
0.203454,0.203454
0.203452,0.203452
0.203451,0.203451
0.203451,0.203451
0.203451,0.203451
0.203451,0.203451
0.203451,0.203451
0.203451,0.203451
0.20345,0.20345
0.20345,0.20345
0.203448,0.203448
0.203448,0.203448
0.203448,0.203448
0.203447,0.203447
0.203447,0.203447
0.203446,0.203446
0.203445,0.203445
0.203444,0.203444
0.203443,0.203443
0.203443,0.203443
0.203442,0.203442
0.203442,0.203442
0.203442,0.203442
0.203441,0.203441
0.203438,0.203438
0.203438,0.203438
0.203437,0.203437
0.203437,0.203437
0.203437,0.203437
0.203437,0.203437
0.203437,0.203437
0.203436,0.203436
0.203435,0.203435
0.203435,0.203435
0.203434,0.203434
0.203432,0.203432
0.203432,0.203432
0.203432,0.203432
0.203431,0.203431
0.203431,0.203431
0.203431,0.203431
0.203431,0.203431
0.203429,0.203429
0.203429,0.203429
0.203429,0.203429
0.203428,0.203428
0.203428,0.203428
0.203425,0.203425
0.203425,0.203425
0.203425,0.203425
0.203425,0.203425
0.203425,0.203425
0.203423,0.203423
0.203423,0.203423
0.203423,0.203423
0.203423,0.203423
0.203422,0.203422
0.203422,0.203422
0.203421,0.203421
0.20342,0.20342
0.203419,0.203419
0.203418,0.203418
0.203418,0.203418
0.203416,0.203416
0.203416,0.203416
0.203414,0.203414
0.203413,0.203413
0.203413,0.203413
0.203413,0.203413
0.203412,0.203412
0.203412,0.203193
0.203412,0.203412
0.20341,0.20341
0.203409,0.203409
0.203409,0.203409
0.203407,0.203407
0.203407,0.203407
0.203406,0.203406
0.203406,0.203406
0.203405,0.203405
0.203404,0.203404
0.203404,0.203404
0.203404,0.203404
0.203403,0.203403
0.203403,0.203403
0.203402,0.203402
0.203402,0.203402
0.203401,0.203401
0.203401,0.203401
0.2034,0.2034
0.2034,0.2034
0.203399,0.203399
0.203399,0.203399
0.203397,0.203397
0.203397,0.203397
0.203396,0.203396
0.203395,0.203395
0.203395,0.203395
0.203394,0.203394
0.203394,0.203394
0.203393,0.203393
0.203393,0.203393
0.203393,0.203393
0.203393,0.203393
0.203392,0.203392
0.203392,0.203392
0.203389,0.203389
0.203389,0.203389
0.203389,0.203389
0.203388,0.203388
0.203388,0.203388
0.203387,0.203387
0.203386,0.203386
0.203386,0.203386
0.203384,0.203384
0.203383,0.203383
0.203381,0.203381
0.20338,0.20338
0.203379,0.203379
0.203379,0.203379
0.203379,0.203379
0.203377,0.203377
0.203377,0.203377
0.203375,0.203375
0.203374,0.203374
0.203374,0.203374
0.203374,0.203374
0.203374,0.203374
0.203374,0.203374
0.203373,0.203373
0.203371,0.203371
0.203371,0.203371
0.20337,0.20337
0.203369,0.203369
0.203368,0.203368
0.203365,0.203365
0.203365,0.203365
0.203364,0.203364
0.203364,0.203364
0.203364,0.203364
0.203361,0.203361
0.203361,0.203361
0.20336,0.20336
0.203359,0.203359
0.203356,0.203356
0.203356,0.203356
0.203355,0.203355
0.203355,0.203355
0.203355,0.203355
0.203355,0.203355
0.203355,0.203355
0.203354,0.203354
0.203353,0.203353
0.203353,0.203353
0.203352,0.203352
0.203352,0.203352
0.203351,0.203351
0.203351,0.203351
0.20335,0.20335
0.203349,0.203349
0.203349,0.203349
0.203348,0.203348
0.203348,0.203348
0.203347,0.203347
0.203347,0.203347
0.203347,0.203347
0.203346,0.203346
0.203346,0.203346
0.203346,0.203346
0.203345,0.203345
0.203345,0.203345
0.203345,0.203345
0.203344,0.203344
0.203344,0.203344
0.203343,0.203343
0.203343,0.203343
0.203342,0.203342
0.203341,0.203341
0.203341,0.203341
0.203341,0.203341
0.203341,0.203341
0.203339,0.203339
0.203338,0.203338
0.203338,0.203338
0.203338,0.203338
0.203337,0.203337
0.203337,0.203337
0.203337,0.203337
0.203337,0.203337
0.203335,0.203335
0.203335,0.203335
0.203335,0.203335
0.203333,0.203333
0.203332,0.203332
0.20333,0.20333
0.20333,0.20333
0.203329,0.203329
0.203329,0.203329
0.203328,0.203328
0.203327,0.203327
0.203327,0.203327
0.203327,0.203327
0.203326,0.203326
0.203326,0.203326
0.203326,0.203326
0.203325,0.203325
0.203325,0.203325
0.203324,0.203324
0.203324,0.203324
0.203322,0.203322
0.203322,0.203322
0.203321,0.203321
0.20332,0.20332
0.20332,0.20332
0.203319,0.203319
0.203319,0.203319
0.203318,0.203318
0.203318,0.203318
0.203316,0.203316
0.203315,0.203315
0.203315,0.203315
0.203315,0.203315
0.203312,0.203312
0.203312,0.203312
0.20331,0.20331
0.20331,0.20331
0.203309,0.203309
0.203308,0.203308
0.203307,0.203307
0.203307,0.203307
0.203306,0.203306
0.203305,0.203305
0.203305,0.203305
0.203304,0.203304
0.203303,0.203303
0.203302,0.203302
0.203302,0.203302
0.203301,0.203301
0.203301,0.203301
0.203301,0.203301
0.2033,0.2033
0.203299,0.203299
0.203299,0.203299
0.203299,0.203299
0.203297,0.203297
0.203297,0.203297
0.203296,0.203296
0.203296,0.203296
0.203296,0.203296
0.203295,0.202945
0.203295,0.203295
0.203295,0.203295
0.203294,0.203294
0.203294,0.203294
0.203294,0.203294
0.203293,0.203293
0.203293,0.203293
0.203293,0.203293
0.203292,0.203292
0.203292,0.203292
0.203292,0.203292
0.203292,0.203292
0.203291,0.203291
0.20329,0.20329
0.203289,0.203289
0.203289,0.203289
0.203289,0.203289
0.203288,0.203288
0.203288,0.203288
0.203288,0.203288
0.203288,0.203288
0.203286,0.203286
0.203285,0.203285
0.203285,0.203285
0.203284,0.203284
0.203282,0.203282
0.203282,0.203282
0.203282,0.203282
0.203282,0.203282
0.203281,0.203281
0.203281,0.203281
0.203279,0.203279
0.203278,0.203278
0.203276,0.203276
0.203276,0.203276
0.203275,0.203275
0.203275,0.203275
0.203275,0.203275
0.203275,0.203275
0.203274,0.203274
0.203273,0.203273
0.203273,0.203273
0.203271,0.203271
0.20327,0.20327
0.20327,0.20327
0.20327,0.20327
0.203269,0.203269
0.203269,0.203269
0.203269,0.203269
0.203268,0.203268
0.203267,0.203267
0.203266,0.203266
0.203265,0.203265
0.203265,0.203265
0.203264,0.203264
0.203264,0.203264
0.203262,0.203262
0.203262,0.203262
0.203261,0.203261
0.203261,0.203261
0.203261,0.203261
0.20326,0.20326
0.20326,0.20326
0.203259,0.203259
0.203259,0.203259
0.203258,0.203258
0.203258,0.203258
0.203257,0.203257
0.203256,0.203256
0.203256,0.203256
0.203256,0.203256
0.203255,0.203255
0.203255,0.203255
0.203253,0.203253
0.203253,0.203253
0.203252,0.203252
0.203251,0.203251
0.203251,0.203251
0.203249,0.203249
0.203249,0.203249
0.203249,0.203249
0.203249,0.203249
0.203249,0.203249
0.203249,0.203249
0.203247,0.203247
0.203247,0.203247
0.203247,0.203247
0.203247,0.203247
0.203247,0.203247
0.203246,0.203246
0.203245,0.203245
0.203243,0.203243
0.203243,0.203243
0.203243,0.203243
0.203243,0.203243
0.203242,0.203242
0.203242,0.203242
0.203241,0.203241
0.20324,0.20324
0.203239,0.203239
0.203239,0.203239
0.203239,0.203239
0.203238,0.203238
0.203237,0.203237
0.203237,0.203237
0.203236,0.203236
0.203236,0.203236
0.203235,0.203235
0.203235,0.203235
0.203235,0.203235
0.203233,0.203233
0.203233,0.203233
0.203233,0.203233
0.203233,0.203233
0.203232,0.203232
0.203232,0.203232
0.203232,0.203232
0.203231,0.203231
0.203231,0.203231
0.20323,0.20323
0.203228,0.203228
0.203228,0.203228
0.203227,0.203227
0.203227,0.203227
0.203227,0.203227
0.203226,0.203226
0.203225,0.203225
0.203225,0.203225
0.203223,0.203223
0.203222,0.203222
0.203221,0.203221
0.203219,0.203219
0.203218,0.203218
0.203217,0.203217
0.203217,0.203217
0.203216,0.203216
0.203216,0.203216
0.203216,0.203216
0.203214,0.203214
0.203212,0.203212
0.203212,0.203212
0.203211,0.203211
0.203211,0.203211
0.203209,0.203209
0.203209,0.203209
0.203209,0.203209
0.203208,0.203208
0.203208,0.203208
0.203207,0.203207
0.203207,0.203207
0.203207,0.203207
0.203207,0.203207
0.203206,0.203206
0.203205,0.203205
0.203205,0.203205
0.203205,0.203205
0.203205,0.203205
0.203203,0.203203
0.203203,0.203203
0.203202,0.203202
0.203202,0.203202
0.203202,0.203202
0.203201,0.203201
0.203198,0.203198
0.203197,0.203197
0.203196,0.203196
0.203196,0.203196
0.203196,0.203196
0.203195,0.203195
0.203195,0.203195
0.203194,0.203194
0.203194,0.203194
0.203194,0.203194
0.203194,0.203194
0.203194,0.203194
0.203194,0.203194
0.203192,0.203192
0.203192,0.203192
0.203192,0.203192
0.203191,0.203191
0.203191,0.203191
0.20319,0.20319
0.20319,0.20319
0.20319,0.20319
0.203188,0.203188
0.203187,0.203187
0.203185,0.203185
0.203184,0.203184
0.203183,0.203183
0.203182,0.203182
0.203182,0.203182
0.203182,0.203182
0.203182,0.203182
0.203181,0.203181
0.20318,0.20318
0.20318,0.20318
0.20318,0.20318
0.20318,0.20318
0.203179,0.203179
0.203179,0.203179
0.203179,0.203179
0.203179,0.203179
0.203179,0.203179
0.203179,0.203179
0.203177,0.203177
0.203177,0.203177
0.203176,0.203176
0.203176,0.203176
0.203176,0.203176
0.203175,0.203175
0.203175,0.203175
0.203175,0.203175
0.203174,0.203174
0.203173,0.203173
0.203173,0.203173
0.203173,0.203173
0.203173,0.203173
0.203171,0.203171
0.203171,0.203171
0.203171,0.203171
0.20317,0.20317
0.203168,0.203168
0.203168,0.203168
0.203168,0.203168
0.203167,0.203167
0.203166,0.203166
0.203166,0.203166
0.203165,0.203165
0.203164,0.203164
0.203164,0.203164
0.203164,0.203164
0.203163,0.203163
0.203163,0.203163
0.203162,0.203162
0.203161,0.203161
0.203161,0.203161
0.20316,0.20316
0.20316,0.20316
0.20316,0.20316
0.20316,0.20316
0.203159,0.203159
0.203159,0.203159
0.203158,0.203158
0.203158,0.203158
0.203157,0.203157
0.203157,0.203157
0.203157,0.203157
0.203157,0.203157
0.203156,0.203156
0.203156,0.203156
0.203155,0.203155
0.203149,0.203149
0.203149,0.203149
0.203149,0.203149
0.203149,0.203149
0.203148,0.203148
0.203148,0.203148
0.203148,0.203148
0.203146,0.203146
0.203146,0.203146
0.203145,0.203145
0.203142,0.203142
0.203142,0.203142
0.20314,0.20314
0.20314,0.20314
0.203139,0.203139
0.203138,0.203138
0.203137,0.203137
0.203137,0.203137
0.203137,0.203137
0.203136,0.203136
0.203134,0.203134
0.203134,0.203134
0.203134,0.203134
0.203134,0.203134
0.203134,0.203134
0.203133,0.203133
0.203133,0.203133
0.203133,0.203133
0.203132,0.203132
0.203132,0.203132
0.203132,0.203132
0.203131,0.203131
0.203131,0.203131
0.20313,0.20313
0.203129,0.203129
0.203128,0.203128
0.203127,0.203127
0.203126,0.203126
0.203126,0.203126
0.203126,0.203126
0.203125,0.203125
0.203124,0.203124
0.203124,0.203124
0.203124,0.203124
0.203124,0.203124
0.203123,0.203123
0.203123,0.203123
0.203122,0.203122
0.203122,0.203122
0.203121,0.203121
0.203121,0.203121
0.203119,0.203119
0.203118,0.203118
0.203118,0.203118
0.203118,0.203118
0.203118,0.203118
0.203117,0.203117
0.203116,0.203116
0.203115,0.202663
0.203115,0.203115
0.203112,0.203112
0.203111,0.203111
0.203111,0.203111
0.20311,0.20311
0.20311,0.20311
0.20311,0.20311
0.203108,0.203108
0.203107,0.203107
0.203105,0.203105
0.203105,0.203105
0.203105,0.203105
0.203104,0.203104
0.203103,0.203103
0.203103,0.203103
0.203102,0.203102
0.203101,0.203101
0.2031,0.2031
0.2031,0.2031
0.203099,0.203099
0.203099,0.203099
0.203099,0.203099
0.203097,0.203097
0.203097,0.203097
0.203096,0.203096
0.203096,0.203096
0.203096,0.203096
0.203095,0.203095
0.203095,0.203095
0.203094,0.203094
0.203094,0.203094
0.203093,0.203093
0.203092,0.203092
0.203091,0.203091
0.203091,0.203091
0.20309,0.20309
0.203089,0.203089
0.203088,0.203088
0.203088,0.203088
0.203088,0.203088
0.203087,0.203087
0.203087,0.203087
0.203087,0.203087
0.203086,0.203086
0.203084,0.203084
0.203083,0.203083
0.203082,0.203082
0.203082,0.203082
0.203081,0.203081
0.20308,0.20308
0.20308,0.20308
0.203079,0.203079
0.203078,0.203078
0.203077,0.203077
0.203077,0.203077
0.203076,0.203076
0.203074,0.203074
0.203073,0.203073
0.203073,0.203073
0.203073,0.203073
0.203072,0.203072
0.203072,0.203072
0.203071,0.203071
0.203071,0.203071
0.203071,0.203071
0.20307,0.20307
0.20307,0.20307
0.203069,0.203069
0.203068,0.203068
0.203067,0.203067
0.203066,0.203066
0.203065,0.203065
0.203064,0.203064
0.203063,0.203063
0.203063,0.203063
0.203062,0.203062
0.203059,0.203059
0.203057,0.203057
0.203057,0.203057
0.203057,0.203057
0.203056,0.203056
0.203055,0.203055
0.203055,0.203055
0.203055,0.203055
0.203055,0.203055
0.203054,0.203054
0.203054,0.203054
0.203053,0.203053
0.203053,0.203053
0.203052,0.203052
0.203051,0.203051
0.203051,0.203051
0.20305,0.20305
0.203049,0.203049
0.203049,0.203049
0.203048,0.203048
0.203047,0.203047
0.203047,0.203047
0.203045,0.203045
0.203044,0.203044
0.203044,0.203044
0.203044,0.203044
0.203043,0.203043
0.203043,0.203043
0.203041,0.203041
0.203039,0.203039
0.203039,0.203039
0.203038,0.203038
0.203038,0.203038
0.203037,0.203037
0.203036,0.203036
0.203036,0.203036
0.203035,0.203035
0.203035,0.203035
0.203033,0.203033
0.203033,0.203033
0.203032,0.203032
0.203032,0.203032
0.203031,0.203031
0.203031,0.203031
0.20303,0.20303
0.20303,0.20303
0.203029,0.203029
0.203029,0.203029
0.203028,0.203028
0.203026,0.203026
0.203026,0.203026
0.203025,0.203025
0.203025,0.203025
0.203025,0.202952
0.203025,0.203025
0.203025,0.203025
0.203024,0.203024
0.203024,0.203024
0.203024,0.203024
0.203022,0.203022
0.203022,0.203022
0.203021,0.203021
0.20302,0.20302
0.20302,0.20302
0.20302,0.20302
0.203019,0.203019
0.203019,0.203019
0.203018,0.203018
0.203018,0.203018
0.203018,0.203018
0.203018,0.203018
0.203018,0.203018
0.203017,0.203017
0.203015,0.203015
0.203015,0.203015
0.203014,0.203014
0.203014,0.203014
0.203014,0.203014
0.203013,0.203013
0.203012,0.203012
0.203012,0.203012
0.203011,0.203011
0.20301,0.20301
0.20301,0.20301
0.20301,0.20301
0.203009,0.203009
0.203008,0.203008
0.203008,0.203008
0.203008,0.203008
0.203007,0.203007
0.203007,0.203007
0.203007,0.203007
0.203006,0.203006
0.203005,0.203005
0.203005,0.203005
0.203005,0.203005
0.203003,0.203003
0.203003,0.203003
0.203003,0.203003
0.203003,0.203003
0.203002,0.203002
0.203001,0.203001
0.203001,0.203001
0.203001,0.203001
0.202999,0.202999
0.202999,0.202999
0.202998,0.202998
0.202997,0.202997
0.202997,0.202997
0.202995,0.202995
0.202995,0.202995
0.202994,0.202994
0.202994,0.202994
0.202993,0.202993
0.202993,0.202993
0.202992,0.202992
0.202992,0.202992
0.202992,0.202992
0.202991,0.202991
0.202991,0.202991
0.202989,0.202989
0.202989,0.202989
0.202989,0.202989
0.202989,0.202989
0.202988,0.202988
0.202988,0.202988
0.202988,0.202988
0.202987,0.202987
0.202987,0.202987
0.202986,0.202986
0.202985,0.202985
0.202985,0.202985
0.202985,0.202985
0.202985,0.202985
0.202984,0.202984
0.202984,0.202984
0.202983,0.202983
0.202982,0.202982
0.202982,0.202982
0.20298,0.20298
0.202979,0.202979
0.202979,0.202979
0.202979,0.202979
0.202978,0.202978
0.202977,0.202977
0.202977,0.202977
0.202976,0.202976
0.202973,0.202973
0.202973,0.202973
0.202973,0.202973
0.202973,0.202973
0.202972,0.202972
0.202972,0.202972
0.202972,0.202972
0.202971,0.202971
0.202971,0.202971
0.202971,0.202971
0.202968,0.202968
0.202968,0.202968
0.202968,0.202968
0.202966,0.202966
0.202966,0.202966
0.202965,0.202965
0.202965,0.202965
0.202964,0.202964
0.202963,0.202963
0.202963,0.202963
0.202963,0.202963
0.202962,0.202962
0.202961,0.202961
0.202961,0.202961
0.202961,0.202961
0.202961,0.202961
0.20296,0.20296
0.20296,0.20296
0.202959,0.202959
0.202957,0.202957
0.202957,0.202957
0.202956,0.202956
0.202955,0.202955
0.202955,0.202955
0.202955,0.202955
0.202955,0.202955
0.202954,0.202954
0.202954,0.202954
0.202954,0.202954
0.202954,0.202954
0.202954,0.202954
0.202953,0.202953
0.202952,0.202952
0.202951,0.202951
0.20295,0.20295
0.20295,0.20295
0.202949,0.202949
0.202948,0.202948
0.202948,0.202948
0.202947,0.202947
0.202947,0.202947
0.202947,0.202947
0.202945,0.202945
0.202945,0.202945
0.202944,0.202944
0.202944,0.202944
0.202943,0.202943
0.202942,0.202942
0.20294,0.20294
0.20294,0.20294
0.202938,0.202938
0.202938,0.202938
0.202937,0.202937
0.202937,0.202937
0.202936,0.202936
0.202936,0.202936
0.202935,0.202935
0.202934,0.202934
0.202934,0.202934
0.202934,0.202934
0.202934,0.202934
0.202933,0.202933
0.202933,0.202933
0.202933,0.202933
0.202932,0.202932
0.202932,0.202932
0.202931,0.202931
0.202931,0.202931
0.202929,0.202929
0.202929,0.202929
0.202928,0.202928
0.202928,0.202928
0.202928,0.202928
0.202927,0.202927
0.202926,0.202926
0.202924,0.202924
0.202923,0.202923
0.202922,0.202922
0.202922,0.202922
0.202922,0.202922
0.202921,0.202921
0.202921,0.202921
0.202921,0.202921
0.202921,0.202921
0.202919,0.202919
0.202919,0.202919
0.202919,0.202919
0.202918,0.202918
0.202917,0.202917
0.202916,0.202916
0.202916,0.202916
0.202916,0.202916
0.202915,0.202915
0.202914,0.202914
0.202914,0.202914
0.202913,0.202913
0.202913,0.202913
0.202913,0.202913
0.202913,0.202913
0.202913,0.202913
0.202913,0.202913
0.202913,0.202913
0.202912,0.202912
0.202912,0.202912
0.202911,0.202911
0.202911,0.202911
0.202911,0.202911
0.20291,0.20291
0.20291,0.20291
0.20291,0.20291
0.202909,0.202909
0.202908,0.202908
0.202908,0.202908
0.202908,0.202908
0.202907,0.202907
0.202906,0.202906
0.202904,0.202904
0.202904,0.202904
0.202904,0.202904
0.202904,0.202904
0.202904,0.202904
0.202904,0.202904
0.202903,0.202903
0.202901,0.202901
0.2029,0.2029
0.202899,0.202899
0.202899,0.202899
0.202898,0.202898
0.202898,0.202898
0.202897,0.202897
0.202896,0.202896
0.202895,0.202895
0.202895,0.202895
0.202894,0.202894
0.202894,0.202894
0.202892,0.202892
0.202891,0.202891
0.20289,0.20289
0.20289,0.20289
0.202888,0.202888
0.202888,0.202888
0.202888,0.202888
0.202886,0.202886
0.202886,0.202886
0.202886,0.202886
0.202885,0.202885
0.202885,0.202885
0.202884,0.202884
0.202883,0.202883
0.202883,0.202883
0.202883,0.202883
0.202882,0.202882
0.202882,0.202882
0.202882,0.202882
0.202882,0.202882
0.202881,0.202881
0.20288,0.20288
0.20288,0.20288
0.202879,0.202879
0.202879,0.202879
0.202879,0.202879
0.202878,0.202878
0.202878,0.202878
0.202877,0.202877
0.202877,0.202877
0.202877,0.202877
0.202875,0.202875
0.202875,0.202875
0.202875,0.202875
0.202874,0.202874
0.202874,0.202874
0.202873,0.202873
0.202872,0.202872
0.20287,0.20287
0.20287,0.20287
0.202869,0.202869
0.202866,0.202866
0.202865,0.202865
0.202864,0.202864
0.202864,0.202864
0.202864,0.202864
0.202864,0.202864
0.202864,0.202864
0.202863,0.202863
0.202862,0.202862
0.202862,0.202862
0.202862,0.202862
0.202862,0.202862
0.202861,0.202861
0.20286,0.20286
0.20286,0.20286
0.20286,0.20286
0.202859,0.202859
0.202859,0.202859
0.202858,0.202858
0.202858,0.202858
0.202857,0.202857
0.202857,0.202857
0.202856,0.202856
0.202855,0.202855
0.202854,0.202854
0.202854,0.202854
0.202851,0.202851
0.202851,0.202851
0.202851,0.202851
0.20285,0.20285
0.202848,0.202848
0.202848,0.202848
0.202847,0.202847
0.202847,0.202847
0.202846,0.202846
0.202846,0.202846
0.202845,0.202845
0.202844,0.202844
0.202843,0.202843
0.202842,0.202842
0.202842,0.202842
0.202841,0.202841
0.202841,0.202841
0.202841,0.202841
0.202841,0.202841
0.202841,0.202841
0.20284,0.20284
0.20284,0.20284
0.202839,0.202839
0.202839,0.202839
0.202839,0.202839
0.202838,0.202838
0.202837,0.202837
0.202837,0.202837
0.202836,0.202836
0.202835,0.202835
0.202835,0.202835
0.202834,0.202834
0.202833,0.202833
0.202831,0.202831
0.202831,0.202831
0.20283,0.20283
0.202827,0.202827
0.202827,0.202827
0.202827,0.202827
0.202826,0.202826
0.202826,0.202826
0.202826,0.202826
0.202825,0.202825
0.202824,0.202824
0.202824,0.202824
0.202823,0.202823
0.202823,0.202823
0.202823,0.202823
0.202822,0.202822
0.202821,0.202821
0.202819,0.202819
0.202818,0.202818
0.202816,0.202816
0.202816,0.202816
0.202815,0.202815
0.202815,0.202815
0.202814,0.202814
0.202813,0.202813
0.202812,0.202812
0.202811,0.202811
0.202811,0.202811
0.20281,0.20281
0.20281,0.20281
0.20281,0.20281
0.20281,0.20281
0.20281,0.20281
0.202809,0.202809
0.202808,0.202808
0.202808,0.202808
0.202807,0.202807
0.202807,0.202807
0.202806,0.202806
0.202805,0.202805
0.202804,0.202804
0.202803,0.202803
0.202803,0.202803
0.202802,0.202802
0.202801,0.202801
0.202801,0.202801
0.2028,0.2028
0.2028,0.2028
0.202798,0.202798
0.202798,0.202798
0.202798,0.202798
0.202798,0.202798
0.202797,0.202797
0.202797,0.202797
0.202796,0.202796
0.202795,0.202795
0.202793,0.202793
0.20279,0.20279
0.202789,0.202789
0.202788,0.202788
0.202787,0.202787
0.202785,0.202785
0.202785,0.202785
0.202784,0.202784
0.202784,0.202784
0.202784,0.202784
0.202783,0.202783
0.202783,0.202783
0.202783,0.202783
0.202783,0.202783
0.202783,0.202783
0.202783,0.202783
0.202782,0.202782
0.202782,0.202782
0.202782,0.202782
0.202782,0.202782
0.202781,0.202781
0.202781,0.202781
0.20278,0.20278
0.202779,0.202779
0.202779,0.202779
0.202779,0.202779
0.202778,0.202778
0.202777,0.202777
0.202777,0.202777
0.202777,0.202777
0.202777,0.202777
0.202776,0.202776
0.202776,0.202776
0.202776,0.202776
0.202776,0.202776
0.202776,0.202776
0.202775,0.202775
0.202775,0.202775
0.202775,0.202775
0.202774,0.202774
0.202773,0.202773
0.202771,0.202771
0.202771,0.202771
0.20277,0.20277
0.202769,0.202769
0.202769,0.202769
0.202769,0.202769
0.202768,0.202768
0.202768,0.202768
0.202768,0.202768
0.202768,0.202768
0.202767,0.202767
0.202767,0.202767
0.202766,0.202766
0.202765,0.202765
0.202764,0.202764
0.202762,0.202762
0.202762,0.202762
0.202761,0.202761
0.20276,0.20276
0.20276,0.20276
0.20276,0.20276
0.202759,0.202759
0.202759,0.202759
0.202759,0.202759
0.202758,0.202758
0.202756,0.202756
0.202756,0.202756
0.202755,0.202755
0.202755,0.202755
0.202755,0.202755
0.202755,0.202755
0.20275,0.20275
0.20275,0.20275
0.202748,0.202748
0.202748,0.202748
0.202748,0.202748
0.202746,0.202746
0.202745,0.202745
0.202745,0.202745
0.202745,0.202745
0.202744,0.202744
0.202743,0.202743
0.202743,0.202743
0.202742,0.202742
0.202742,0.202742
0.202741,0.202741
0.20274,0.20274
0.20274,0.20274
0.202739,0.202739
0.202738,0.202738
0.202738,0.202738
0.202737,0.202737
0.202736,0.202736
0.202736,0.202736
0.202734,0.202734
0.202733,0.202733
0.202733,0.202733
0.202732,0.202732
0.202732,0.202732
0.202732,0.202732
0.202732,0.202732
0.202731,0.202731
0.20273,0.20273
0.20273,0.20273
0.20273,0.20273
0.202729,0.202729
0.202728,0.202728
0.202727,0.202727
0.202726,0.202726
0.202725,0.202725
0.202725,0.202725
0.202724,0.202724
0.202724,0.202724
0.202723,0.202723
0.202723,0.202723
0.202723,0.202723
0.202722,0.202722
0.202722,0.202722
0.202721,0.202721
0.202721,0.202721
0.20272,0.20272
0.20272,0.20272
0.202719,0.202719
0.202719,0.202719
0.202718,0.202718
0.202717,0.202717
0.202717,0.202717
0.202716,0.202716
0.202716,0.202716
0.202715,0.202715
0.202715,0.202715
0.202715,0.202715
0.202715,0.202715
0.202715,0.202715
0.202714,0.202714
0.202712,0.202712
0.202711,0.202711
0.202711,0.202711
0.20271,0.20271
0.20271,0.20271
0.202709,0.202709
0.202709,0.202709
0.202708,0.202708
0.202708,0.202708
0.202708,0.202708
0.202707,0.202707
0.202707,0.202707
0.202706,0.202706
0.202705,0.202705
0.202705,0.202705
0.202703,0.202703
0.202702,0.202702
0.202701,0.202701
0.2027,0.2027
0.202698,0.202698
0.202698,0.202698
0.202697,0.202697
0.202696,0.202696
0.202696,0.202696
0.202696,0.202696
0.202695,0.202695
0.202695,0.202695
0.202693,0.202693
0.202693,0.202693
0.202692,0.202692
0.202692,0.202692
0.202692,0.202692
0.202691,0.202691
0.20269,0.20269
0.202689,0.202689
0.202687,0.202687
0.202686,0.202686
0.202685,0.202685
0.202685,0.202685
0.202685,0.202685
0.202685,0.202685
0.202684,0.202684
0.202684,0.202684
0.202684,0.202684
0.202684,0.202684
0.202684,0.202684
0.202683,0.202683
0.202682,0.202682
0.202681,0.202681
0.202681,0.202681
0.202681,0.202681
0.20268,0.20268
0.202678,0.202678
0.202678,0.202678
0.202678,0.202678
0.202677,0.202677
0.202677,0.202677
0.202677,0.202677
0.202677,0.202677
0.202675,0.202675
0.202675,0.202675
0.202675,0.202675
0.202675,0.202675
0.202674,0.202674
0.202673,0.202673
0.202673,0.202673
0.202672,0.202672
0.202672,0.202672
0.202671,0.202671
0.202671,0.202671
0.20267,0.20267
0.20267,0.20267
0.20267,0.20267
0.20267,0.20267
0.202669,0.202669
0.202669,0.202669
0.202668,0.202668
0.202668,0.202668
0.202668,0.202668
0.202668,0.202668
0.202667,0.202667
0.202667,0.202667
0.202667,0.202667
0.202666,0.202666
0.202666,0.202666
0.202666,0.202666
0.202663,0.202663
0.202663,0.202663
0.202661,0.202661
0.20266,0.20266
0.20266,0.20266
0.202659,0.202659
0.202659,0.202659
0.202657,0.202657
0.202657,0.202657
0.202657,0.202657
0.202656,0.202656
0.202654,0.202654
0.202653,0.202653
0.202651,0.202651
0.202651,0.202651
0.202651,0.202651
0.202649,0.202649
0.202647,0.202647
0.202647,0.202647
0.202647,0.202647
0.202647,0.202647
0.202647,0.202647
0.202646,0.202646
0.202646,0.202646
0.202645,0.202645
0.202645,0.202645
0.202644,0.202644
0.202644,0.202644
0.202642,0.202642
0.202641,0.202641
0.202641,0.202641
0.20264,0.20264
0.20264,0.20264
0.202639,0.202639
0.202639,0.202639
0.202638,0.202638
0.202638,0.202638
0.202638,0.202638
0.202638,0.202638
0.202637,0.202637
0.202637,0.202637
0.202637,0.202637
0.202636,0.202636
0.202635,0.202635
0.202635,0.202635
0.202633,0.202633
0.202633,0.202633
0.202632,0.202632
0.202631,0.202631
0.202631,0.202631
0.202631,0.202631
0.202631,0.202631
0.20263,0.20263
0.202629,0.202629
0.202629,0.202629
0.202629,0.202629
0.202628,0.202628
0.202628,0.202628
0.202628,0.202628
0.202625,0.202625
0.202625,0.202625
0.202625,0.202625
0.202624,0.202624
0.202622,0.202622
0.202622,0.202622
0.202622,0.202622
0.202622,0.202622
0.202622,0.202622
0.202622,0.202622
0.202622,0.202622
0.202621,0.202621
0.202621,0.202621
0.20262,0.20262
0.202619,0.202619
0.202618,0.202618
0.202618,0.202618
0.202618,0.202618
0.202618,0.202618
0.202618,0.202618
0.202618,0.202618
0.202617,0.202617
0.202617,0.202617
0.202616,0.202616
0.202616,0.202616
0.202615,0.202615
0.202615,0.202615
0.202614,0.202614
0.202614,0.202614
0.202613,0.202613
0.202613,0.202613
0.202613,0.202613
0.202613,0.202613
0.202612,0.202612
0.202612,0.202612
0.202612,0.202612
0.202611,0.202611
0.202611,0.202611
0.20261,0.20261
0.20261,0.20261
0.202609,0.202609
0.202608,0.202608
0.202608,0.202608
0.202606,0.202606
0.202606,0.202606
0.202606,0.202606
0.202606,0.202606
0.202606,0.202606
0.202605,0.202605
0.202604,0.202604
0.202604,0.202604
0.202604,0.202604
0.202604,0.202604
0.202604,0.202604
0.202602,0.202602
0.202601,0.202601
0.202601,0.202601
0.202599,0.202599
0.202599,0.202599
0.202598,0.202598
0.202598,0.202598
0.202598,0.202598
0.202597,0.202597
0.202596,0.202596
0.202596,0.202596
0.202595,0.202595
0.202595,0.202595
0.202595,0.202595
0.202594,0.202594
0.202593,0.202593
0.202592,0.202592
0.202592,0.202592
0.20259,0.20259
0.202589,0.202589
0.202588,0.202588
0.202587,0.202587
0.202587,0.202587
0.202587,0.202587
0.202586,0.202586
0.202586,0.202586
0.202584,0.202584
0.202583,0.202583
0.202583,0.202583
0.202582,0.202582
0.202582,0.202582
0.202582,0.202582
0.202581,0.202581
0.202581,0.202581
0.20258,0.20258
0.202579,0.202579
0.202579,0.202579
0.202579,0.202579
0.202578,0.202578
0.202578,0.202578
0.202578,0.202578
0.202577,0.202577
0.202577,0.202577
0.202576,0.202576
0.202576,0.202576
0.202574,0.202574
0.202573,0.202573
0.202571,0.202571
0.202571,0.202571
0.202571,0.202571
0.202571,0.202571
0.20257,0.20257
0.20257,0.20257
0.20257,0.20257
0.20257,0.20257
0.202569,0.202569
0.202569,0.202569
0.202569,0.202569
0.202569,0.202569
0.202568,0.202568
0.202567,0.202567
0.202566,0.202566
0.202565,0.202565
0.202564,0.202564
0.202563,0.202563
0.202563,0.202563
0.202563,0.202563
0.202562,0.202562
0.202562,0.202562
0.202561,0.202561
0.202561,0.202561
0.202561,0.202561
0.202561,0.202561
0.202559,0.202559
0.202558,0.202558
0.202556,0.202556
0.202556,0.202556
0.202556,0.202556
0.202553,0.202553
0.202552,0.202552
0.202552,0.202552
0.202551,0.202551
0.20255,0.20255
0.20255,0.20255
0.20255,0.20255
0.20255,0.20255
0.20255,0.20255
0.202549,0.202549
0.202548,0.202548
0.202548,0.202548
0.202548,0.202548
0.202547,0.202547
0.202547,0.202547
0.202546,0.202546
0.202545,0.202545
0.202545,0.202545
0.202544,0.202544
0.202543,0.202543
0.202541,0.202541
0.20254,0.20254
0.20254,0.20254
0.202539,0.202539
0.202539,0.202539
0.202538,0.202538
0.202538,0.202538
0.202537,0.202537
0.202537,0.202537
0.202537,0.202537
0.202536,0.202536
0.202536,0.202536
0.202536,0.202536
0.202536,0.202536
0.202535,0.202535
0.202535,0.202535
0.202534,0.202534
0.202534,0.202534
0.202534,0.202534
0.202534,0.202534
0.202533,0.202533
0.202532,0.202532
0.202531,0.202531
0.20253,0.20253
0.20253,0.20253
0.202529,0.202529
0.202528,0.202528
0.202528,0.202528
0.202527,0.202527
0.202527,0.202527
0.202527,0.202527
0.202527,0.202527
0.202526,0.202526
0.202526,0.202526
0.202525,0.202525
0.202525,0.202525
0.202525,0.202525
0.202524,0.202524
0.202523,0.202523
0.202522,0.202522
0.202521,0.202521
0.202521,0.202521
0.202521,0.202521
0.20252,0.20252
0.20252,0.20252
0.202519,0.202519
0.202519,0.202519
0.202519,0.202519
0.202518,0.202518
0.202517,0.202517
0.202516,0.202516
0.202515,0.202515
0.202514,0.202514
0.202514,0.202514
0.202514,0.202514
0.202514,0.202514
0.202513,0.202513
0.202512,0.202512
0.202511,0.202511
0.202511,0.202511
0.202511,0.202511
0.202508,0.202508
0.202507,0.202507
0.202505,0.202505
0.202504,0.202504
0.202503,0.202503
0.202503,0.202503
0.202502,0.202502
0.202499,0.202499
0.202496,0.202496
0.202496,0.202496
0.202495,0.202495
0.202495,0.202495
0.202495,0.202495
0.202494,0.202494
0.202493,0.202493
0.202493,0.202493
0.202493,0.202493
0.202493,0.202493
0.202491,0.202491
0.202491,0.202491
0.202491,0.202491
0.20249,0.20249
0.20249,0.20249
0.20249,0.20249
0.202488,0.202488
0.202488,0.202488
0.202487,0.202487
0.202487,0.202487
0.202487,0.202487
0.202485,0.202485
0.202483,0.202483
0.202481,0.202481
0.202481,0.202481
0.202481,0.202481
0.202481,0.202481
0.20248,0.20248
0.20248,0.20248
0.202479,0.202479
0.202479,0.202479
0.202478,0.202478
0.202478,0.202478
0.202477,0.202477
0.202477,0.202477
0.202475,0.202475
0.202475,0.202475
0.202475,0.202475
0.202475,0.202475
0.202474,0.202474
0.202474,0.202474
0.202473,0.202473
0.202472,0.202472
0.202471,0.202471
0.202471,0.202471
0.202471,0.202471
0.20247,0.20247
0.20247,0.20247
0.20247,0.20247
0.20247,0.20247
0.20247,0.20247
0.202469,0.202469
0.202469,0.202469
0.202469,0.202469
0.202468,0.202468
0.202468,0.202468
0.202467,0.202467
0.202467,0.202467
0.202467,0.202467
0.202467,0.202467
0.202466,0.202466
0.202466,0.202466
0.202466,0.202466
0.202466,0.202466
0.202462,0.202462
0.202461,0.202461
0.202461,0.202461
0.202461,0.202461
0.202461,0.202461
0.20246,0.20246
0.20246,0.20246
0.20246,0.20246
0.202458,0.202458
0.202458,0.202458
0.202457,0.202457
0.202455,0.202455
0.202455,0.202455
0.202454,0.202454
0.202453,0.202453
0.202453,0.202453
0.202453,0.202453
0.202452,0.202452
0.20245,0.20245
0.20245,0.20245
0.20245,0.20245
0.202449,0.202449
0.202449,0.202449
0.202448,0.202448
0.202446,0.202446
0.202445,0.202445
0.202444,0.202444
0.202444,0.202444
0.202444,0.202444
0.202444,0.202444
0.202444,0.202444
0.202443,0.202443
0.202443,0.202443
0.202443,0.202443
0.202443,0.202443
0.202442,0.202442
0.202441,0.202441
0.202441,0.202441
0.202441,0.202441
0.202441,0.202441
0.202441,0.202441
0.202441,0.202441
0.20244,0.20244
0.20244,0.20244
0.20244,0.20244
0.202439,0.202439
0.202439,0.202439
0.202439,0.202439
0.202439,0.202439
0.202438,0.202438
0.202437,0.202437
0.202436,0.202436
0.202436,0.202436
0.202436,0.202436
0.202436,0.202436
0.202435,0.202435
0.202435,0.202435
0.202434,0.202434
0.202434,0.202434
0.202434,0.202434
0.202432,0.202432
0.202432,0.202432
0.202431,0.202431
0.202431,0.202431
0.202431,0.202431
0.20243,0.20243
0.202429,0.202429
0.202428,0.202428
0.202427,0.202427
0.202427,0.202427
0.202427,0.202427
0.202426,0.202426
0.202426,0.202426
0.202426,0.202426
0.202426,0.202426
0.202425,0.202425
0.202424,0.202424
0.202424,0.202424
0.202424,0.202424
0.202423,0.202423
0.202421,0.202421
0.202419,0.202419
0.202418,0.202418
0.202417,0.202417
0.202416,0.202416
0.202415,0.202415
0.202415,0.202415
0.202415,0.202415
0.202414,0.202414
0.202413,0.202413
0.202413,0.202413
0.202413,0.202413
0.202412,0.202412
0.202412,0.202412
0.202411,0.202411
0.20241,0.20241
0.20241,0.20241
0.202409,0.202409
0.202409,0.202409
0.202408,0.202408
0.202407,0.202407
0.202407,0.202407
0.202407,0.202407
0.202406,0.202406
0.202406,0.202406
0.202405,0.202405
0.202404,0.202404
0.202404,0.202404
0.202404,0.202404
0.202404,0.202404
0.202402,0.202402
0.202401,0.202401
0.2024,0.2024
0.2024,0.2024
0.202399,0.202399
0.202399,0.202399
0.202398,0.202398
0.202397,0.202397
0.202396,0.202396
0.202396,0.202396
0.202396,0.202396
0.202396,0.202396
0.202396,0.202396
0.202395,0.202395
0.202395,0.202395
0.202394,0.202394
0.202394,0.202394
0.202392,0.202392
0.202391,0.202391
0.202391,0.202391
0.202391,0.202391
0.20239,0.20239
0.202389,0.202389
0.202389,0.202389
0.202386,0.202386
0.202386,0.202386
0.202386,0.202386
0.202385,0.202385
0.202384,0.202384
0.202384,0.202384
0.202384,0.202384
0.202383,0.202383
0.202383,0.202383
0.202383,0.202383
0.202383,0.202383
0.202383,0.202383
0.202382,0.202382
0.202382,0.202382
0.202382,0.202382
0.20238,0.20238
0.20238,0.20238
0.202379,0.202379
0.202379,0.202379
0.202378,0.202378
0.202378,0.202378
0.202377,0.202377
0.202376,0.202376
0.202376,0.202376
0.202376,0.202376
0.202374,0.202374
0.202374,0.202374
0.202374,0.202374
0.202373,0.202373
0.202373,0.202373
0.202372,0.202372
0.202371,0.202371
0.202371,0.202371
0.202368,0.202368
0.202367,0.202367
0.202366,0.202366
0.202366,0.202366
0.202365,0.202365
0.202364,0.202364
0.202364,0.202364
0.202364,0.202364
0.202363,0.202363
0.202363,0.202363
0.202363,0.202363
0.202362,0.202362
0.202361,0.202361
0.202361,0.202361
0.202361,0.202361
0.202361,0.202361
0.20236,0.20236
0.202359,0.202359
0.202358,0.202358
0.202358,0.202358
0.202356,0.202356
0.202356,0.202356
0.202356,0.202356
0.202356,0.202356
0.202356,0.202356
0.202355,0.202355
0.202355,0.202355
0.202354,0.202354
0.202353,0.202353
0.202353,0.202353
0.202353,0.202353
0.20235,0.20235
0.20235,0.20235
0.20235,0.20235
0.202349,0.202349
0.202349,0.202349
0.202349,0.202349
0.202348,0.202348
0.202345,0.202345
0.202344,0.202344
0.202344,0.202344
0.202343,0.202343
0.202343,0.202343
0.202343,0.202343
0.202342,0.202342
0.202342,0.202342
0.202341,0.202341
0.202341,0.202341
0.202341,0.202341
0.202341,0.202341
0.202339,0.202339
0.202338,0.202338
0.202338,0.202338
0.202336,0.202336
0.202335,0.202335
0.202335,0.202335
0.202335,0.202335
0.202335,0.202335
0.202334,0.202334
0.202334,0.202334
0.202333,0.202333
0.202332,0.202332
0.202331,0.202331
0.202329,0.202329
0.202329,0.202329
0.202328,0.202328
0.202327,0.202327
0.202327,0.202327
0.202325,0.202325
0.202323,0.202323
0.202323,0.202323
0.202322,0.202322
0.202322,0.202322
0.202322,0.202322
0.202321,0.202321
0.202321,0.202321
0.202319,0.202319
0.202317,0.202317
0.202317,0.202317
0.202313,0.202313
0.202313,0.202313
0.20231,0.20231
0.20231,0.20231
0.202309,0.202309
0.202309,0.202309
0.202309,0.202309
0.202309,0.202309
0.202307,0.202307
0.202306,0.202306
0.202306,0.202306
0.202306,0.202306
0.202306,0.202306
0.202306,0.202306
0.202305,0.202305
0.202304,0.202304
0.202303,0.202303
0.202303,0.202303
0.202303,0.202303
0.202301,0.202301
0.202299,0.202299
0.202298,0.202298
0.202298,0.202298
0.202297,0.202297
0.202297,0.202297
0.202296,0.202296
0.202296,0.202296
0.202296,0.202296
0.202296,0.202296
0.202295,0.202295
0.202295,0.202295
0.202295,0.202295
0.202295,0.202295
0.202294,0.202294
0.202294,0.202294
0.202294,0.202294
0.202294,0.202294
0.202293,0.202293
0.202293,0.202293
0.202292,0.202292
0.202291,0.202291
0.202291,0.202291
0.20229,0.20229
0.20229,0.20229
0.202289,0.202289
0.202288,0.202288
0.202288,0.202288
0.202288,0.202288
0.202288,0.202288
0.202287,0.202287
0.202287,0.202287
0.202287,0.202287
0.202287,0.202287
0.202287,0.202287
0.202284,0.202284
0.202283,0.202283
0.202283,0.202283
0.202281,0.202281
0.202281,0.202281
0.202281,0.202281
0.20228,0.20228
0.20228,0.20228
0.202279,0.202279
0.202279,0.202279
0.202278,0.202278
0.202278,0.202278
0.202278,0.202278
0.202277,0.202277
0.202277,0.202277
0.202277,0.202277
0.202277,0.202277
0.202277,0.202277
0.202276,0.202276
0.202276,0.202276
0.202275,0.202275
0.202275,0.202275
0.202274,0.202274
0.202274,0.202274
0.202274,0.202274
0.202274,0.202274
0.202272,0.202272
0.202272,0.202272
0.202271,0.202271
0.202271,0.202271
0.202269,0.202269
0.202269,0.202269
0.202268,0.202268
0.202268,0.202268
0.202268,0.202268
0.202268,0.202268
0.202268,0.202268
0.202268,0.202268
0.202268,0.202268
0.202268,0.202268
0.202267,0.202267
0.202266,0.202266
0.202265,0.202265
0.202265,0.202265
0.202265,0.202265
0.202264,0.202264
0.202263,0.202263
0.202263,0.202263
0.202263,0.202263
0.202262,0.202262
0.202261,0.202261
0.20226,0.20226
0.20226,0.20226
0.202257,0.202257
0.202256,0.202256
0.202255,0.202255
0.202255,0.202255
0.202254,0.202254
0.202254,0.202254
0.202253,0.202253
0.202252,0.202252
0.202252,0.202252
0.202251,0.202251
0.20225,0.20225
0.202249,0.202249
0.202249,0.202249
0.202247,0.202247
0.202246,0.202246
0.202245,0.202245
0.202245,0.202245
0.202244,0.202244
0.202244,0.202244
0.202244,0.202244
0.202243,0.202243
0.202242,0.202242
0.202241,0.202241
0.202239,0.202239
0.202238,0.202238
0.202237,0.202237
0.202237,0.202237
0.202237,0.202237
0.202236,0.202236
0.202236,0.202236
0.202235,0.202235
0.202235,0.202235
0.202235,0.202235
0.202234,0.202234
0.202234,0.202234
0.202233,0.202233
0.202233,0.202233
0.202232,0.202232
0.202232,0.202232
0.202232,0.202232
0.202232,0.202232
0.202232,0.202232
0.202232,0.202232
0.202231,0.202231
0.202231,0.202231
0.20223,0.20223
0.20223,0.20223
0.20223,0.20223
0.202229,0.202229
0.202229,0.202229
0.202229,0.202229
0.202227,0.202227
0.202227,0.202227
0.202226,0.202226
0.202226,0.202226
0.202226,0.202226
0.202225,0.202225
0.202225,0.202225
0.202225,0.202225
0.202223,0.202223
0.202222,0.202222
0.202221,0.202221
0.202221,0.202221
0.20222,0.20222
0.202219,0.202219
0.202219,0.202219
0.202218,0.202218
0.202217,0.202217
0.202216,0.202216
0.202215,0.202215
0.202214,0.202214
0.202214,0.202214
0.202214,0.202214
0.202214,0.202214
0.202213,0.202213
0.202213,0.202213
0.202213,0.202213
0.202213,0.202213
0.202212,0.202212
0.202212,0.202212
0.202211,0.202211
0.202211,0.202211
0.202211,0.202211
0.202211,0.202211
0.20221,0.20221
0.202208,0.202208
0.202208,0.202208
0.202206,0.202206
0.202206,0.202206
0.202206,0.202206
0.202205,0.202205
0.202205,0.202205
0.202205,0.202205
0.202205,0.202205
0.202204,0.202204
0.202202,0.202202
0.202202,0.202202
0.202202,0.202202
0.202201,0.202201
0.202201,0.202201
0.2022,0.2022
0.2022,0.2022
0.2022,0.2022
0.2022,0.2022
0.2022,0.2022
0.2022,0.2022
0.202199,0.202199
0.202198,0.202198
0.202198,0.202198
0.202196,0.202196
0.202196,0.202196
0.202195,0.202195
0.202194,0.202194
0.202194,0.202194
0.202193,0.202193
0.202192,0.202192
0.202192,0.202192
0.202191,0.202191
0.20219,0.20219
0.20219,0.20219
0.20219,0.20219
0.20219,0.20219
0.20219,0.20219
0.202189,0.202189
0.202189,0.202189
0.202189,0.202189
0.202188,0.202188
0.202187,0.202187
0.202187,0.202187
0.202187,0.202187
0.202187,0.202187
0.202186,0.202186
0.202186,0.202186
0.202185,0.202185
0.202184,0.202184
0.202184,0.202184
0.202184,0.202184
0.202182,0.202182
0.202182,0.202182
0.202181,0.202181
0.20218,0.20218
0.20218,0.20218
0.202179,0.202179
0.202179,0.202179
0.202177,0.202177
0.202176,0.202176
0.202176,0.202176
0.202176,0.202176
0.202175,0.202175
0.202174,0.202174
0.202174,0.202174
0.202173,0.202173
0.202173,0.202173
0.202172,0.202172
0.20217,0.20217
0.202169,0.202169
0.202167,0.202167
0.202166,0.202166
0.202166,0.202166
0.202166,0.202166
0.202166,0.202166
0.202166,0.202166
0.202165,0.202165
0.202165,0.202165
0.202165,0.202165
0.202164,0.202164
0.202163,0.202163
0.202161,0.202161
0.20216,0.20216
0.20216,0.20216
0.202159,0.202159
0.202159,0.202159
0.202158,0.202158
0.202158,0.202158
0.202157,0.202157
0.202157,0.202157
0.202157,0.202157
0.202156,0.202156
0.202154,0.202154
0.202154,0.202154
0.202153,0.202153
0.202152,0.202152
0.202152,0.202152
0.202152,0.202152
0.202152,0.202152
0.202152,0.202152
0.202151,0.202151
0.202151,0.202151
0.202151,0.202151
0.202151,0.202151
0.20215,0.20215
0.20215,0.20215
0.202149,0.202149
0.202149,0.202149
0.202147,0.202147
0.202147,0.202147
0.202147,0.202147
0.202147,0.202147
0.202145,0.202145
0.202145,0.202145
0.202145,0.202145
0.202145,0.202145
0.202144,0.202144
0.202143,0.202143
0.202143,0.202143
0.202143,0.202143
0.202143,0.202143
0.202143,0.202143
0.202142,0.202142
0.202142,0.202142
0.202141,0.202141
0.20214,0.20214
0.20214,0.20214
0.202139,0.202139
0.202139,0.202139
0.202138,0.202138
0.202138,0.202138
0.202137,0.202137
0.202137,0.202137
0.202135,0.202135
0.202135,0.202135
0.202134,0.202134
0.202133,0.202133
0.202131,0.202131
0.202131,0.202131
0.202131,0.202131
0.20213,0.20213
0.20213,0.20213
0.20213,0.20213
0.202129,0.202129
0.202128,0.202128
0.202127,0.202127
0.202127,0.202127
0.202127,0.202127
0.202126,0.202126
0.202123,0.202123
0.202122,0.202122
0.202122,0.202122
0.202121,0.202121
0.202121,0.202121
0.20212,0.20212
0.20212,0.20212
0.202119,0.202119
0.202118,0.202118
0.202118,0.202118
0.202117,0.202117
0.202115,0.202115
0.202114,0.202114
0.202114,0.202114
0.202114,0.202114
0.202113,0.202113
0.202113,0.202113
0.202113,0.202113
0.202112,0.202112
0.202111,0.202111
0.202111,0.202111
0.202109,0.202109
0.202109,0.202109
0.202109,0.202109
0.202108,0.202108
0.202107,0.202107
0.202107,0.202107
0.202106,0.202106
0.202105,0.202105
0.202103,0.202103
0.202103,0.202103
0.202102,0.202102
0.202102,0.202102
0.202102,0.202102
0.202102,0.202102
0.202102,0.202102
0.202101,0.202101
0.2021,0.2021
0.202099,0.202099
0.202097,0.202097
0.202096,0.202096
0.202096,0.202096
0.202096,0.202096
0.202096,0.202096
0.202096,0.202096
0.202094,0.202094
0.202094,0.202094
0.202093,0.202093
0.202092,0.202092
0.202091,0.202091
0.202091,0.202091
0.202091,0.202091
0.20209,0.20209
0.202089,0.202089
0.202088,0.202088
0.202088,0.202088
0.202087,0.202087
0.202086,0.202086
0.202085,0.202085
0.202085,0.202085
0.202084,0.202084
0.202084,0.202084
0.202084,0.202084
0.202083,0.202083
0.202082,0.202082
0.202082,0.202082
0.202081,0.202081
0.20208,0.20208
0.20208,0.20208
0.20208,0.20208
0.20208,0.20208
0.202079,0.202079
0.202079,0.202079
0.202078,0.202078
0.202076,0.202076
0.202076,0.202076
0.202075,0.202075
0.202074,0.202074
0.202073,0.202073
0.202073,0.202073
0.202072,0.202072
0.202071,0.202071
0.20207,0.20207
0.202069,0.202069
0.202069,0.202069
0.202068,0.202068
0.202068,0.202068
0.202068,0.202068
0.202067,0.202067
0.202067,0.202067
0.202067,0.202067
0.202066,0.202066
0.202066,0.202066
0.202064,0.202064
0.202064,0.202064
0.202063,0.202063
0.202061,0.202061
0.20206,0.20206
0.202058,0.202058
0.202058,0.202058
0.202058,0.202058
0.202057,0.202057
0.202057,0.202057
0.202057,0.202057
0.202056,0.202056
0.202054,0.202054
0.202054,0.202054
0.202054,0.202054
0.202054,0.202054
0.202053,0.202053
0.202053,0.202053
0.202051,0.202051
0.202051,0.202051
0.20205,0.20205
0.202049,0.202049
0.202049,0.202049
0.202048,0.202048
0.202048,0.202048
0.202047,0.202047
0.202047,0.202047
0.202045,0.202045
0.202045,0.202045
0.202043,0.202043
0.202042,0.202042
0.202041,0.202041
0.202039,0.202039
0.202039,0.202039
0.202039,0.202039
0.202039,0.202039
0.202039,0.202039
0.202038,0.202038
0.202036,0.202036
0.202036,0.202036
0.202035,0.202035
0.202034,0.202034
0.202034,0.202034
0.202034,0.202034
0.202033,0.202033
0.202033,0.202033
0.202033,0.202033
0.202032,0.202032
0.20203,0.20203
0.20203,0.20203
0.202029,0.202029
0.202027,0.202027
0.202027,0.202027
0.202026,0.202026
0.202026,0.202026
0.202025,0.202025
0.202024,0.202024
0.202024,0.202024
0.202024,0.202024
0.202023,0.202023
0.202022,0.202022
0.202022,0.202022
0.202022,0.202022
0.202022,0.202022
0.202021,0.202021
0.20202,0.20202
0.202019,0.202019
0.202019,0.202019
0.202018,0.202018
0.202017,0.202017
0.202017,0.202017
0.202016,0.202016
0.202015,0.202015
0.202015,0.202015
0.202014,0.202014
0.202014,0.202014
0.202014,0.202014
0.202013,0.202013
0.202011,0.202011
0.20201,0.20201
0.20201,0.20201
0.20201,0.20201
0.20201,0.20201
0.20201,0.20201
0.202008,0.202008
0.202008,0.202008
0.202007,0.202007
0.202007,0.202007
0.202007,0.202007
0.202006,0.202006
0.202006,0.202006
0.202006,0.202006
0.202006,0.202006
0.202005,0.202005
0.202004,0.202004
0.202004,0.202004
0.202004,0.202004
0.202002,0.202002
0.202001,0.202001
0.202001,0.202001
0.202001,0.202001
0.202,0.202
0.201999,0.201999
0.201998,0.201998
0.201997,0.201997
0.201995,0.201995
0.201994,0.201994
0.201993,0.201993
0.201993,0.201993
0.201993,0.201993
0.201992,0.201992
0.201992,0.201992
0.201991,0.201991
0.201991,0.201991
0.20199,0.20199
0.20199,0.20199
0.20199,0.20199
0.201989,0.201989
0.201988,0.201988
0.201988,0.201988
0.201985,0.201985
0.201985,0.201985
0.201985,0.201985
0.201984,0.201984
0.201983,0.201983
0.201983,0.201983
0.201983,0.201983
0.201982,0.201982
0.201982,0.201736
0.201982,0.201982
0.201982,0.201982
0.201981,0.201981
0.201981,0.201981
0.201981,0.201981
0.20198,0.20198
0.20198,0.20198
0.20198,0.20198
0.201979,0.201979
0.201979,0.201979
0.201979,0.201979
0.201979,0.201979
0.201979,0.201979
0.201978,0.201978
0.201978,0.201978
0.201978,0.201978
0.201978,0.201978
0.201977,0.201977
0.201977,0.201977
0.201976,0.201976
0.201976,0.201976
0.201975,0.201975
0.201975,0.201975
0.201974,0.201974
0.201973,0.201973
0.201973,0.201973
0.201973,0.201973
0.201973,0.201973
0.201972,0.201972
0.201971,0.201971
0.20197,0.20197
0.201969,0.201969
0.201969,0.201969
0.201968,0.201968
0.201968,0.201968
0.201967,0.201967
0.201967,0.201967
0.201967,0.201967
0.201967,0.201967
0.201966,0.201966
0.201965,0.201965
0.201964,0.201964
0.201964,0.201964
0.201964,0.201964
0.201964,0.201964
0.201963,0.201963
0.201962,0.201962
0.201959,0.201959
0.201959,0.201959
0.201958,0.201958
0.201957,0.201957
0.201956,0.201956
0.201955,0.201955
0.201954,0.201954
0.201954,0.201954
0.201953,0.201953
0.201952,0.201952
0.201952,0.201952
0.201951,0.201951
0.20195,0.20195
0.201948,0.201948
0.201948,0.201948
0.201947,0.201947
0.201946,0.201946
0.201946,0.201946
0.201945,0.201945
0.201945,0.201945
0.201944,0.201944
0.201944,0.201944
0.201944,0.201944
0.201943,0.201943
0.201943,0.201943
0.201943,0.201943
0.201943,0.201943
0.201942,0.201942
0.201941,0.201941
0.201941,0.201941
0.20194,0.20194
0.20194,0.20194
0.201939,0.201939
0.201939,0.201939
0.201938,0.201938
0.201937,0.201937
0.201937,0.201937
0.201936,0.201936
0.201936,0.201936
0.201936,0.201936
0.201935,0.201935
0.201935,0.201935
0.201935,0.201935
0.201935,0.201935
0.201934,0.201934
0.201934,0.201934
0.201934,0.201934
0.201933,0.201933
0.201933,0.201933
0.201932,0.201932
0.201932,0.201932
0.201931,0.201931
0.20193,0.20193
0.201929,0.201929
0.201928,0.201928
0.201926,0.201926
0.201926,0.201926
0.201925,0.201925
0.201925,0.201925
0.201924,0.201924
0.201924,0.201924
0.201923,0.201923
0.201922,0.201922
0.201921,0.201921
0.20192,0.20192
0.20192,0.20192
0.201919,0.201919
0.201917,0.201917
0.201917,0.201917
0.201916,0.201916
0.201916,0.201916
0.201915,0.201915
0.201915,0.201915
0.201915,0.201915
0.201914,0.201914
0.201913,0.201913
0.201912,0.201912
0.201911,0.201911
0.201911,0.201911
0.201909,0.201909
0.201908,0.201908
0.201908,0.201908
0.201907,0.201907
0.201906,0.201906
0.201905,0.201905
0.201905,0.201905
0.201904,0.201904
0.201904,0.201904
0.201903,0.201903
0.201903,0.201903
0.201903,0.201903
0.201902,0.201902
0.201902,0.201902
0.201902,0.201902
0.201901,0.201901
0.201901,0.201901
0.201901,0.201901
0.201899,0.201899
0.201899,0.201899
0.201899,0.201899
0.201899,0.201899
0.201898,0.201898
0.201897,0.201897
0.201897,0.201897
0.201897,0.201897
0.201896,0.201896
0.201894,0.201894
0.201893,0.201893
0.201891,0.201891
0.20189,0.20189
0.20189,0.20189
0.20189,0.20189
0.201889,0.201889
0.201889,0.201889
0.201889,0.201889
0.201888,0.201888
0.201888,0.201888
0.201887,0.201887
0.201886,0.201886
0.201886,0.201886
0.201886,0.201886
0.201884,0.201884
0.201884,0.201884
0.201884,0.201884
0.201884,0.201884
0.201883,0.201883
0.201882,0.201882
0.201882,0.201882
0.201881,0.201881
0.201879,0.201879
0.201878,0.201878
0.201878,0.201878
0.201877,0.201877
0.201876,0.201876
0.201875,0.201875
0.201874,0.201874
0.201874,0.201874
0.201873,0.201873
0.201872,0.201872
0.201872,0.201872
0.201872,0.201872
0.201872,0.201872
0.201871,0.201871
0.20187,0.20187
0.20187,0.20187
0.20187,0.20187
0.20187,0.20187
0.20187,0.20187
0.201869,0.201869
0.201868,0.201868
0.201868,0.201868
0.201867,0.201867
0.201866,0.201866
0.201866,0.201866
0.201865,0.201865
0.201864,0.201864
0.201862,0.201862
0.201862,0.201862
0.201862,0.201862
0.201862,0.201862
0.201862,0.201862
0.201859,0.201859
0.201858,0.201858
0.201858,0.201858
0.201857,0.201857
0.201857,0.201857
0.201857,0.201857
0.201857,0.201857
0.201857,0.201857
0.201856,0.201856
0.201856,0.201856
0.201856,0.201856
0.201856,0.201856
0.201856,0.201856
0.201855,0.201855
0.201854,0.201854
0.201853,0.201853
0.201853,0.201853
0.201852,0.201852
0.201852,0.201852
0.201852,0.201852
0.201851,0.201851
0.20185,0.20185
0.201849,0.201849
0.201849,0.201849
0.201848,0.201848
0.201847,0.201847
0.201846,0.201846
0.201845,0.201845
0.201845,0.201845
0.201845,0.201845
0.201844,0.201844
0.201843,0.201843
0.201843,0.201843
0.201843,0.201843
0.201842,0.201842
0.201842,0.201842
0.201842,0.201842
0.201842,0.201842
0.201841,0.201841
0.201841,0.201841
0.201841,0.201841
0.201841,0.201841
0.201841,0.201841
0.20184,0.20184
0.20184,0.20184
0.20184,0.20184
0.20184,0.20184
0.201839,0.201839
0.201835,0.201835
0.201833,0.201833
0.201833,0.201833
0.201833,0.201833
0.201833,0.201833
0.201832,0.201832
0.201831,0.201831
0.201831,0.201831
0.201831,0.201831
0.20183,0.20183
0.20183,0.20183
0.20183,0.20183
0.201828,0.201828
0.201828,0.201828
0.201827,0.201827
0.201827,0.201827
0.201827,0.201827
0.201827,0.201827
0.201826,0.201826
0.201826,0.201826
0.201826,0.201826
0.201825,0.201825
0.201825,0.201825
0.201824,0.201824
0.201823,0.201823
0.201822,0.201822
0.201821,0.201821
0.201821,0.201821
0.20182,0.20182
0.201819,0.201819
0.201819,0.201819
0.201818,0.201818
0.201818,0.201818
0.201817,0.201817
0.201816,0.201816
0.201816,0.201816
0.201815,0.201815
0.201815,0.201815
0.201815,0.201815
0.201813,0.201813
0.201813,0.201813
0.201813,0.201813
0.201811,0.201811
0.201811,0.201811
0.201811,0.201811
0.20181,0.20181
0.201808,0.201808
0.201808,0.201808
0.201808,0.201808
0.201807,0.201807
0.201806,0.201806
0.201806,0.201806
0.201806,0.201806
0.201805,0.201805
0.201804,0.201804
0.201804,0.201804
0.201803,0.201803
0.201803,0.201803
0.201803,0.201803
0.201802,0.201802
0.201801,0.201801
0.201801,0.201801
0.2018,0.2018
0.2018,0.2018
0.201799,0.201799
0.201799,0.201799
0.201798,0.201798
0.201798,0.201798
0.201798,0.201798
0.201796,0.201796
0.201795,0.201795
0.201793,0.201793
0.201793,0.201793
0.20179,0.20179
0.201786,0.201786
0.201785,0.201785
0.201784,0.201784
0.201783,0.201783
0.201782,0.201782
0.201781,0.201781
0.20178,0.20178
0.201779,0.201779
0.201778,0.201778
0.201778,0.201778
0.201777,0.201777
0.201777,0.201777
0.201777,0.201777
0.201776,0.201776
0.201775,0.201775
0.201775,0.201775
0.201774,0.201774
0.201773,0.201773
0.201773,0.201773
0.201772,0.201772
0.201772,0.201772
0.201769,0.201769
0.201768,0.201768
0.201767,0.201767
0.201766,0.201766
0.201765,0.201765
0.201765,0.201765
0.201764,0.201764
0.201764,0.201764
0.201764,0.201764
0.201763,0.201763
0.201762,0.201762
0.201762,0.201762
0.201762,0.201762
0.201759,0.201759
0.201759,0.201759
0.201759,0.201759
0.201758,0.201758
0.201758,0.201758
0.201758,0.201758
0.201758,0.201758
0.201755,0.201755
0.201755,0.201755
0.201754,0.201754
0.201751,0.201751
0.201751,0.201751
0.20175,0.20175
0.20175,0.20175
0.201748,0.201748
0.201748,0.201748
0.201747,0.201747
0.201747,0.201747
0.201746,0.201746
0.201746,0.201746
0.201745,0.201745
0.201745,0.201745
0.201744,0.201744
0.201744,0.201744
0.201743,0.201743
0.201743,0.201743
0.201742,0.201742
0.201742,0.201742
0.201741,0.201741
0.201741,0.201741
0.201741,0.201741
0.201741,0.201741
0.20174,0.20174
0.20174,0.20174
0.20174,0.20174
0.20174,0.20174
0.201737,0.201737
0.201737,0.201737
0.201737,0.201737
0.201736,0.201736
0.201734,0.201734
0.201734,0.201734
0.201734,0.201734
0.201733,0.201733
0.201733,0.201733
0.201732,0.201732
0.201731,0.201731
0.201731,0.201731
0.20173,0.20173
0.20173,0.20173
0.20173,0.20173
0.20173,0.20173
0.201729,0.201729
0.201728,0.201728
0.201728,0.201728
0.201728,0.201728
0.201728,0.201728
0.201727,0.201727
0.201726,0.201726
0.201726,0.201726
0.201726,0.201726
0.201725,0.201725
0.201724,0.201724
0.201723,0.201723
0.201723,0.201723
0.201723,0.201723
0.201722,0.201722
0.201722,0.201722
0.201722,0.201722
0.201721,0.201721
0.201716,0.201716
0.201713,0.201713
0.201712,0.201712
0.201712,0.201712
0.201712,0.201712
0.201712,0.201712
0.20171,0.20171
0.20171,0.20171
0.20171,0.20171
0.201709,0.201709
0.201708,0.201708
0.201707,0.201707
0.201706,0.201706
0.201706,0.201706
0.201706,0.201706
0.201705,0.201705
0.201704,0.201704
0.201704,0.201704
0.201702,0.201702
0.201701,0.201701
0.201699,0.201699
0.201697,0.201697
0.201697,0.201697
0.201696,0.201696
0.201696,0.201696
0.201695,0.201695
0.201695,0.201695
0.201695,0.201695
0.201694,0.201694
0.201694,0.201694
0.201693,0.201693
0.201693,0.201693
0.201692,0.201692
0.201692,0.201692
0.201691,0.201691
0.201691,0.201691
0.201688,0.201688
0.201686,0.201686
0.201685,0.201685
0.201684,0.201684
0.201684,0.201684
0.201684,0.201684
0.201682,0.201682
0.201681,0.201681
0.201681,0.201681
0.201679,0.201679
0.201679,0.201679
0.201679,0.201679
0.201678,0.201678
0.201677,0.201677
0.201677,0.201677
0.201677,0.201677
0.201677,0.201677
0.201677,0.201677
0.201677,0.201677
0.201675,0.201675
0.201675,0.201675
0.201675,0.201675
0.201674,0.201674
0.201673,0.201673
0.201673,0.201673
0.201673,0.201673
0.201672,0.201672
0.201671,0.201671
0.20167,0.20167
0.20167,0.20167
0.201669,0.201669
0.201668,0.201668
0.201668,0.201668
0.201667,0.201667
0.201667,0.201667
0.201667,0.201667
0.201665,0.201665
0.201665,0.201665
0.201665,0.201665
0.201665,0.201665
0.201664,0.201664
0.201663,0.201663
0.201663,0.201663
0.201661,0.201661
0.201661,0.201661
0.20166,0.20166
0.20166,0.20166
0.201659,0.201659
0.201659,0.201659
0.201658,0.201658
0.201657,0.201657
0.201655,0.201655
0.201655,0.201655
0.201655,0.201655
0.201654,0.201654
0.201653,0.201653
0.201653,0.201653
0.201653,0.201653
0.201652,0.201652
0.201652,0.201652
0.201651,0.201651
0.201651,0.201651
0.20165,0.20165
0.20165,0.20165
0.201648,0.201648
0.201648,0.201648
0.201648,0.201648
0.201647,0.201647
0.201645,0.201645
0.201645,0.201645
0.201644,0.201644
0.201644,0.201644
0.201643,0.201643
0.201643,0.201643
0.201643,0.201643
0.201642,0.201642
0.201642,0.201642
0.201641,0.201641
0.20164,0.20164
0.201638,0.201638
0.201638,0.201638
0.201637,0.201637
0.201636,0.201636
0.201635,0.201635
0.201635,0.201635
0.201634,0.201634
0.201634,0.201634
0.201634,0.201634
0.201633,0.201633
0.201629,0.201629
0.201628,0.201628
0.201628,0.201628
0.201627,0.201627
0.201625,0.201625
0.201625,0.201625
0.201624,0.201624
0.201623,0.201623
0.201623,0.201623
0.201623,0.201623
0.201622,0.201622
0.201622,0.201622
0.20162,0.20162
0.201618,0.201618
0.201618,0.201618
0.201618,0.201618
0.201617,0.201617
0.201617,0.201617
0.201616,0.201616
0.201616,0.201616
0.201615,0.201615
0.201613,0.201613
0.201611,0.201611
0.201611,0.201611
0.201611,0.201611
0.201609,0.201609
0.201608,0.201608
0.201607,0.201607
0.201606,0.201606
0.201606,0.201606
0.201606,0.201606
0.201605,0.201605
0.201603,0.201603
0.201603,0.201603
0.201603,0.201603
0.201603,0.201603
0.201602,0.201602
0.201602,0.201602
0.201602,0.201602
0.2016,0.2016
0.2016,0.2016
0.201598,0.201598
0.201597,0.201597
0.201596,0.201596
0.201594,0.201594
0.201593,0.201593
0.201592,0.201592
0.201591,0.201591
0.201589,0.201589
0.201588,0.201588
0.201588,0.201588
0.201588,0.201588
0.201587,0.201587
0.201587,0.201587
0.201586,0.201586
0.201586,0.201586
0.201586,0.201586
0.201585,0.201585
0.201585,0.201585
0.201584,0.201584
0.201584,0.201584
0.201584,0.201584
0.201583,0.201583
0.201582,0.201582
0.201581,0.201581
0.20158,0.20158
0.20158,0.20158
0.20158,0.20158
0.201578,0.201578
0.201577,0.201577
0.201577,0.201577
0.201576,0.201576
0.201576,0.201576
0.201574,0.201574
0.201574,0.201574
0.201574,0.201574
0.201574,0.201574
0.201574,0.201574
0.201574,0.201574
0.201572,0.201572
0.201572,0.201572
0.201571,0.201571
0.201571,0.201571
0.201571,0.201571
0.20157,0.20157
0.20157,0.20157
0.20157,0.20157
0.201569,0.201569
0.201569,0.201569
0.201568,0.201568
0.201568,0.201568
0.201567,0.201567
0.201565,0.201565
0.201564,0.201564
0.201564,0.201564
0.201564,0.201564
0.201564,0.201564
0.201563,0.201563
0.201563,0.201563
0.201562,0.201562
0.201562,0.201562
0.20156,0.20156
0.20156,0.20156
0.20156,0.20156
0.201558,0.201558
0.201557,0.201557
0.201556,0.201556
0.201555,0.201555
0.201555,0.201555
0.201553,0.201553
0.201553,0.201553
0.201552,0.201552
0.201552,0.201552
0.201551,0.201551
0.20155,0.20155
0.20155,0.20155
0.201549,0.201549
0.201549,0.201549
0.201548,0.201548
0.201547,0.201547
0.201547,0.201547
0.201547,0.201547
0.201547,0.201547
0.201546,0.201546
0.201546,0.201546
0.201545,0.201545
0.201544,0.201544
0.201543,0.201543
0.201543,0.201543
0.201543,0.201543
0.201542,0.201542
0.201542,0.201542
0.201542,0.201542
0.201541,0.201541
0.20154,0.20154
0.201539,0.201539
0.201539,0.201539
0.201539,0.201539
0.201537,0.201537
0.201537,0.201537
0.201536,0.201536
0.201535,0.201535
0.201535,0.201535
0.201535,0.201535
0.201534,0.201534
0.201532,0.201532
0.201532,0.201532
0.201532,0.201532
0.201532,0.201532
0.20153,0.20153
0.20153,0.20153
0.20153,0.20153
0.20153,0.20153
0.201529,0.201529
0.201529,0.201529
0.201528,0.201528
0.201527,0.201527
0.201525,0.201525
0.201525,0.201525
0.201523,0.201523
0.201522,0.201522
0.201522,0.201522
0.201521,0.201521
0.201519,0.201519
0.201518,0.201518
0.201518,0.201518
0.201518,0.201518
0.201516,0.201516
0.201515,0.201515
0.201514,0.201514
0.201514,0.201514
0.201514,0.201514
0.201513,0.201513
0.201512,0.201512
0.201512,0.201512
0.201511,0.201511
0.201509,0.201509
0.201509,0.201509
0.201508,0.201508
0.201506,0.201506
0.201506,0.201506
0.201505,0.201505
0.201505,0.201505
0.201504,0.201504
0.201504,0.201504
0.201502,0.201502
0.201502,0.201502
0.201501,0.201501
0.201501,0.201501
0.201501,0.201501
0.2015,0.2015
0.201499,0.201499
0.201499,0.201499
0.201498,0.201498
0.201497,0.201497
0.201497,0.201497
0.201496,0.201496
0.201492,0.201492
0.20149,0.20149
0.20149,0.20149
0.201489,0.201489
0.201488,0.201488
0.201486,0.201486
0.201486,0.201486
0.201485,0.201485
0.201485,0.201485
0.201485,0.201485
0.201484,0.201484
0.201484,0.201484
0.201483,0.201483
0.201483,0.201483
0.201482,0.201482
0.20148,0.20148
0.20148,0.20148
0.20148,0.20148
0.201479,0.201479
0.201479,0.201479
0.201479,0.201479
0.201479,0.201479
0.201478,0.201478
0.201477,0.201477
0.201477,0.201477
0.201476,0.201476
0.201476,0.201476
0.201475,0.201475
0.201475,0.201475
0.201475,0.201475
0.201473,0.201473
0.201473,0.201473
0.201473,0.201473
0.201472,0.201472
0.201472,0.201472
0.201472,0.201472
0.201472,0.201472
0.201471,0.201471
0.201471,0.201471
0.201471,0.201471
0.20147,0.20147
0.20147,0.20147
0.20147,0.20147
0.20147,0.20147
0.201469,0.201469
0.201469,0.201469
0.201469,0.201469
0.201468,0.201468
0.201467,0.201467
0.201467,0.201467
0.201464,0.201464
0.201464,0.201464
0.201463,0.201463
0.201463,0.201463
0.201463,0.201463
0.201463,0.201463
0.201462,0.201462
0.201462,0.201462
0.201461,0.201461
0.20146,0.20146
0.20146,0.20146
0.201459,0.201459
0.201459,0.201459
0.201458,0.201458
0.201457,0.201457
0.201456,0.201456
0.201454,0.201454
0.201454,0.201454
0.201453,0.201453
0.201453,0.201453
0.201452,0.201452
0.201452,0.201452
0.201452,0.201452
0.201451,0.201451
0.201449,0.201449
0.201447,0.201447
0.201447,0.201447
0.201446,0.201446
0.201446,0.201446
0.201446,0.201446
0.201444,0.201444
0.201444,0.201444
0.201443,0.201443
0.201443,0.201443
0.201442,0.201442
0.20144,0.20144
0.20144,0.20144
0.20144,0.20144
0.20144,0.20144
0.20144,0.20144
0.20144,0.20144
0.201439,0.201439
0.201438,0.201438
0.201436,0.201436
0.201436,0.201436
0.201436,0.201436
0.201435,0.201435
0.201434,0.201434
0.201432,0.201432
0.201431,0.201431
0.201431,0.201431
0.201429,0.201429
0.201428,0.201428
0.201427,0.201427
0.201424,0.201424
0.201424,0.201424
0.201424,0.201424
0.201424,0.201424
0.201422,0.201422
0.201422,0.201422
0.201421,0.201421
0.201421,0.201421
0.20142,0.20142
0.20142,0.20142
0.20142,0.20142
0.201419,0.201419
0.201419,0.201419
0.201417,0.201417
0.201417,0.201417
0.201416,0.201416
0.201416,0.201416
0.201415,0.201415
0.201414,0.201414
0.201412,0.201412
0.201411,0.201411
0.20141,0.20141
0.20141,0.20141
0.201409,0.201409
0.201409,0.201409
0.201409,0.201409
0.201407,0.201407
0.201406,0.201406
0.201406,0.201406
0.201405,0.201405
0.201405,0.201405
0.201404,0.201404
0.201403,0.201403
0.201403,0.201403
0.201401,0.201401
0.201399,0.201399
0.201397,0.201397
0.201397,0.201397
0.201397,0.201397
0.201397,0.201397
0.201396,0.201396
0.201393,0.201393
0.201393,0.201393
0.201393,0.201393
0.201391,0.201391
0.20139,0.20139
0.20139,0.20139
0.20139,0.20139
0.201389,0.201389
0.201389,0.201389
0.201388,0.201388
0.201386,0.201386
0.201386,0.201386
0.201384,0.201384
0.201383,0.201383
0.201382,0.201382
0.201382,0.201382
0.201381,0.201381
0.20138,0.20138
0.20138,0.20138
0.20138,0.20138
0.201379,0.201379
0.201378,0.201378
0.201378,0.201378
0.201378,0.201378
0.201377,0.201377
0.201377,0.201377
0.201377,0.201377
0.201376,0.201376
0.201374,0.201374
0.201374,0.201374
0.201374,0.201374
0.201373,0.201373
0.201373,0.201373
0.201373,0.201373
0.201373,0.201373
0.201371,0.201371
0.201371,0.201371
0.201371,0.201371
0.201369,0.201369
0.201368,0.201368
0.201368,0.201368
0.201368,0.201368
0.201367,0.201367
0.201367,0.201367
0.201366,0.201366
0.201366,0.201366
0.201365,0.201365
0.201363,0.201363
0.201363,0.201363
0.201362,0.201362
0.201361,0.201361
0.201358,0.201358
0.201358,0.201358
0.201357,0.201357
0.201357,0.201357
0.201357,0.201357
0.201355,0.201355
0.201355,0.201355
0.201353,0.201353
0.201353,0.201353
0.201353,0.201353
0.201353,0.201353
0.201353,0.201353
0.201353,0.201353
0.201352,0.201352
0.201352,0.201352
0.201352,0.201352
0.201352,0.201352
0.201348,0.201348
0.201348,0.201348
0.201347,0.201347
0.201347,0.201347
0.201346,0.201346
0.201346,0.201346
0.201346,0.201346
0.201345,0.201345
0.201343,0.201343
0.201343,0.201343
0.201342,0.201342
0.201341,0.201341
0.201341,0.201341
0.201341,0.201341
0.201339,0.201339
0.201339,0.201339
0.201339,0.201339
0.201338,0.201338
0.201338,0.201338
0.201337,0.201337
0.201337,0.201337
0.201337,0.201337
0.201337,0.201337
0.201337,0.201337
0.201337,0.201337
0.201337,0.201337
0.201336,0.201336
0.201335,0.201335
0.201335,0.201335
0.201335,0.201335
0.201335,0.201335
0.201334,0.201334
0.201334,0.201334
0.201333,0.201333
0.201332,0.201332
0.20133,0.20133
0.20133,0.20133
0.20133,0.20133
0.20133,0.20133
0.20133,0.20133
0.201329,0.201329
0.201328,0.201328
0.201328,0.201328
0.201328,0.201328
0.201327,0.201327
0.201327,0.201327
0.201326,0.201326
0.201325,0.201325
0.201325,0.201325
0.201324,0.201324
0.201324,0.201324
0.201324,0.201324
0.201324,0.201324
0.201324,0.201324
0.201323,0.201323
0.201323,0.201323
0.201323,0.201323
0.201323,0.201323
0.201322,0.201322
0.201322,0.201322
0.20132,0.20132
0.201319,0.201319
0.201318,0.201318
0.201317,0.201317
0.201317,0.201317
0.201317,0.201317
0.201316,0.201316
0.201316,0.201316
0.201315,0.201315
0.201314,0.201314
0.201314,0.201314
0.201314,0.201314
0.201313,0.201313
0.201313,0.201313
0.201312,0.201312
0.20131,0.20131
0.20131,0.20131
0.20131,0.20131
0.201309,0.201309
0.201309,0.201309
0.201309,0.201309
0.201308,0.201308
0.201308,0.201308
0.201308,0.201308
0.201306,0.201306
0.201305,0.201305
0.201305,0.201305
0.201305,0.201305
0.201305,0.201305
0.201304,0.201304
0.201303,0.201303
0.201303,0.201303
0.201301,0.201301
0.201299,0.201299
0.201298,0.201298
0.201297,0.201297
0.201296,0.201296
0.201296,0.201296
0.201291,0.201291
0.20129,0.20129
0.20129,0.20129
0.201289,0.201289
0.201288,0.201288
0.201286,0.201286
0.201285,0.201285
0.201284,0.201284
0.201284,0.201284
0.201284,0.201284
0.201283,0.201283
0.201282,0.201282
0.201281,0.201281
0.20128,0.20128
0.20128,0.20128
0.201279,0.201279
0.201279,0.201279
0.201279,0.201279
0.201279,0.201279
0.201278,0.201278
0.201278,0.201278
0.201278,0.201278
0.201277,0.201277
0.201277,0.201277
0.201277,0.201277
0.201277,0.201277
0.201276,0.201276
0.201276,0.201276
0.201276,0.201276
0.201276,0.201276
0.201275,0.201275
0.201274,0.201274
0.201274,0.201274
0.201273,0.201273
0.201273,0.201273
0.201271,0.201271
0.20127,0.20127
0.201269,0.201269
0.201269,0.201269
0.201269,0.201269
0.201269,0.201269
0.201268,0.201268
0.201266,0.201266
0.201265,0.201265
0.201265,0.201265
0.201263,0.201263
0.201262,0.201262
0.201262,0.201262
0.20126,0.20126
0.20126,0.20126
0.201259,0.201259
0.201258,0.201258
0.201257,0.201257
0.201256,0.201256
0.201256,0.201256
0.201254,0.201254
0.201253,0.201253
0.201252,0.201252
0.201252,0.201252
0.20125,0.20125
0.201249,0.201249
0.201248,0.201248
0.201248,0.201248
0.201248,0.201248
0.201247,0.201247
0.201246,0.201246
0.201246,0.201246
0.201243,0.201243
0.201243,0.201243
0.201239,0.201239
0.201238,0.201238
0.201236,0.201236
0.201234,0.201234
0.201233,0.201233
0.201232,0.201232
0.201231,0.201231
0.201231,0.201231
0.201231,0.201231
0.201231,0.201231
0.20123,0.20123
0.20123,0.20123
0.20123,0.20123
0.20123,0.20123
0.201228,0.201228
0.201228,0.201228
0.201227,0.201227
0.201227,0.201227
0.201227,0.201227
0.201226,0.201226
0.201225,0.201225
0.201224,0.201224
0.201223,0.201223
0.201223,0.201223
0.201222,0.201222
0.20122,0.20122
0.20122,0.20122
0.201219,0.201219
0.201219,0.201219
0.201218,0.201218
0.201218,0.201218
0.201218,0.201218
0.201217,0.201217
0.201217,0.201217
0.201215,0.201215
0.201212,0.201212
0.201212,0.201212
0.201211,0.201211
0.201208,0.201208
0.201206,0.201206
0.201206,0.201206
0.201206,0.201206
0.201205,0.201205
0.201204,0.201204
0.201204,0.201204
0.201204,0.201204
0.201203,0.201203
0.201203,0.201203
0.201201,0.201201
0.2012,0.2012
0.201199,0.201199
0.201198,0.201198
0.201196,0.201196
0.201196,0.201196
0.201195,0.201195
0.201195,0.201195
0.201195,0.201195
0.201195,0.201195
0.201193,0.201193
0.201193,0.201193
0.201192,0.201192
0.201192,0.201192
0.201192,0.201192
0.201191,0.201191
0.201189,0.201189
0.201189,0.201189
0.201189,0.201189
0.201187,0.201187
0.201186,0.201186
0.201185,0.201185
0.201185,0.201185
0.201185,0.201185
0.201185,0.201185
0.201184,0.201184
0.201183,0.201183
0.201183,0.201183
0.201182,0.201182
0.201181,0.201181
0.201181,0.201181
0.20118,0.20118
0.20118,0.20118
0.201179,0.201179
0.201178,0.201178
0.201178,0.201178
0.201176,0.201176
0.201175,0.201175
0.201175,0.201175
0.201173,0.201173
0.201172,0.201172
0.201172,0.201172
0.201171,0.201171
0.201171,0.201171
0.20117,0.20117
0.201167,0.201167
0.201167,0.201167
0.201165,0.201165
0.201165,0.201165
0.201164,0.201164
0.201164,0.201164
0.201164,0.201164
0.201163,0.201163
0.201163,0.201163
0.201163,0.201163
0.201161,0.201161
0.20116,0.20116
0.201158,0.201158
0.201158,0.201158
0.201157,0.201157
0.201157,0.201157
0.201156,0.201156
0.201156,0.201156
0.201156,0.201156
0.201155,0.201155
0.201154,0.201154
0.201154,0.201154
0.201153,0.201153
0.201151,0.201151
0.20115,0.20115
0.20115,0.20115
0.201149,0.201149
0.201148,0.201148
0.201147,0.201147
0.201147,0.201147
0.201147,0.201147
0.201146,0.201146
0.201146,0.201146
0.201143,0.201143
0.201143,0.201143
0.201141,0.201141
0.201141,0.201141
0.20114,0.20114
0.20114,0.20114
0.201139,0.201139
0.201138,0.201138
0.201137,0.201137
0.201137,0.201137
0.201136,0.201136
0.201134,0.201134
0.201134,0.201134
0.201134,0.201134
0.201134,0.201134
0.201131,0.201131
0.201129,0.201129
0.201128,0.201128
0.201128,0.201128
0.201128,0.201128
0.201127,0.201127
0.201124,0.201124
0.201124,0.201124
0.201123,0.201123
0.20112,0.20112
0.201119,0.201119
0.201118,0.201118
0.201117,0.201117
0.201115,0.201115
0.201115,0.201115
0.201113,0.201113
0.201112,0.201112
0.201111,0.201111
0.201111,0.201111
0.201111,0.201111
0.201111,0.201111
0.201109,0.201109
0.201108,0.201108
0.201108,0.201108
0.201106,0.201106
0.201105,0.201105
0.201105,0.201105
0.201105,0.201105
0.201104,0.201104
0.201101,0.201101
0.201101,0.201101
0.201097,0.201097
0.201096,0.201096
0.201096,0.201096
0.201095,0.201095
0.201094,0.201094
0.201094,0.201094
0.201094,0.201094
0.201093,0.201093
0.201091,0.201091
0.201091,0.201091
0.20109,0.20109
0.20109,0.20109
0.201089,0.201089
0.201089,0.201089
0.201089,0.201089
0.201089,0.201089
0.201089,0.201089
0.201088,0.201088
0.201088,0.201088
0.201087,0.201087
0.201087,0.201087
0.201087,0.201087
0.201087,0.201087
0.201086,0.201086
0.201086,0.201086
0.201086,0.201086
0.201086,0.201086
0.201086,0.201086
0.201084,0.201084
0.201084,0.201084
0.201083,0.201083
0.201083,0.201083
0.20108,0.20108
0.20108,0.20108
0.20108,0.20108
0.201079,0.201079
0.201079,0.201079
0.201079,0.201079
0.201078,0.201078
0.201078,0.201078
0.201078,0.201078
0.201077,0.201077
0.201077,0.201077
0.201076,0.201076
0.201076,0.201076
0.201076,0.201076
0.201075,0.201075
0.201072,0.201072
0.201072,0.201072
0.201071,0.201071
0.20107,0.20107
0.20107,0.20107
0.201069,0.201069
0.201069,0.201069
0.201069,0.201069
0.201068,0.201068
0.201068,0.201068
0.201067,0.201067
0.201066,0.201066
0.201065,0.201065
0.201064,0.201064
0.201064,0.201064
0.201063,0.201063
0.201062,0.201062
0.201062,0.201062
0.201061,0.201061
0.201058,0.201058
0.201057,0.201057
0.201057,0.201057
0.201057,0.201057
0.201056,0.201056
0.201056,0.201056
0.201055,0.201055
0.201055,0.201055
0.201054,0.201054
0.201052,0.201052
0.201052,0.201052
0.201051,0.201051
0.201051,0.201051
0.20105,0.20105
0.20105,0.20105
0.20105,0.20105
0.201049,0.201049
0.201049,0.201049
0.201048,0.201048
0.201048,0.201048
0.201047,0.201047
0.201045,0.201045
0.201045,0.201045
0.201044,0.201044
0.201044,0.201044
0.201043,0.201043
0.201043,0.201043
0.201042,0.201042
0.201042,0.201042
0.201041,0.201041
0.201041,0.201041
0.201041,0.201041
0.20104,0.20104
0.201038,0.201038
0.201038,0.201038
0.201037,0.201037
0.201036,0.201036
0.201036,0.201036
0.201035,0.201035
0.201035,0.201035
0.201034,0.201034
0.201034,0.201034
0.201033,0.201033
0.201033,0.201033
0.201033,0.201033
0.201032,0.201032
0.201031,0.201031
0.201028,0.201028
0.201028,0.201028
0.201028,0.201028
0.201027,0.201027
0.201027,0.201027
0.201026,0.201026
0.201026,0.201026
0.201025,0.201025
0.201025,0.201025
0.201025,0.201025
0.201023,0.201023
0.201022,0.201022
0.201022,0.201022
0.201021,0.201021
0.201021,0.201021
0.201018,0.201018
0.201018,0.201018
0.201017,0.201017
0.201017,0.201017
0.201017,0.201017
0.201016,0.201016
0.201015,0.201015
0.201015,0.201015
0.201015,0.201015
0.201015,0.201015
0.201015,0.201015
0.201013,0.201013
0.20101,0.20101
0.20101,0.20101
0.201009,0.201009
0.201008,0.201008
0.201008,0.201008
0.201007,0.201007
0.201007,0.201007
0.201006,0.201006
0.201005,0.201005
0.201004,0.201004
0.201004,0.201004
0.201004,0.201004
0.201003,0.201003
0.201003,0.201003
0.201002,0.201002
0.201001,0.201001
0.201,0.201
0.200998,0.200998
0.200998,0.200998
0.200997,0.200997
0.200996,0.200996
0.200996,0.200996
0.200995,0.200995
0.200993,0.200993
0.200992,0.200992
0.200992,0.200992
0.200991,0.200991
0.200991,0.200991
0.200991,0.200991
0.200991,0.200991
0.200991,0.200991
0.20099,0.20099
0.20099,0.20099
0.200989,0.200989
0.200989,0.200989
0.200988,0.200988
0.200986,0.200986
0.200985,0.200985
0.200984,0.200984
0.200983,0.200983
0.200981,0.200981
0.200981,0.200981
0.20098,0.20098
0.200979,0.200979
0.200979,0.200979
0.200978,0.200978
0.200977,0.200977
0.200977,0.200977
0.200977,0.200977
0.200976,0.200976
0.200975,0.200975
0.200974,0.200974
0.200974,0.200974
0.200974,0.200974
0.200973,0.200973
0.200972,0.200972
0.200972,0.200972
0.200969,0.200969
0.200967,0.200967
0.200966,0.200966
0.200965,0.200965
0.200964,0.200964
0.200964,0.200964
0.200963,0.200963
0.200962,0.200962
0.200962,0.200962
0.200962,0.200962
0.200962,0.200962
0.200962,0.200962
0.200961,0.200961
0.200961,0.200961
0.200961,0.200961
0.20096,0.20096
0.200957,0.200957
0.200956,0.200956
0.200956,0.200956
0.200956,0.200956
0.200956,0.200956
0.200956,0.200956
0.200955,0.200955
0.200954,0.200954
0.200954,0.200954
0.200951,0.200951
0.20095,0.20095
0.20095,0.20095
0.200949,0.200949
0.200949,0.200949
0.200949,0.200949
0.200947,0.200947
0.200944,0.200944
0.200944,0.200944
0.200941,0.200941
0.20094,0.20094
0.200938,0.200938
0.200935,0.200935
0.200935,0.200935
0.200934,0.200934
0.200934,0.200934
0.200934,0.200934
0.200934,0.200934
0.200933,0.200933
0.200933,0.200933
0.200932,0.200932
0.200929,0.200929
0.200928,0.200928
0.200928,0.200928
0.200924,0.200924
0.200921,0.200921
0.200921,0.200921
0.200921,0.200921
0.200921,0.200921
0.20092,0.20092
0.200918,0.200918
0.200918,0.200918
0.200918,0.200918
0.200917,0.200917
0.200916,0.200916
0.200915,0.200915
0.200915,0.200915
0.200915,0.200915
0.200914,0.200914
0.200914,0.200914
0.200913,0.200913
0.200913,0.200913
0.200911,0.200911
0.200911,0.200911
0.20091,0.20091
0.200909,0.200909
0.200907,0.200907
0.200906,0.200906
0.200906,0.200906
0.200906,0.200906
0.200905,0.200905
0.200905,0.200905
0.200903,0.200903
0.200903,0.200903
0.200902,0.200902
0.200901,0.200901
0.200901,0.200901
0.2009,0.2009
0.200899,0.200899
0.200898,0.200898
0.200898,0.200898
0.200897,0.200897
0.200897,0.200897
0.200896,0.200896
0.200895,0.200895
0.200893,0.200893
0.200892,0.200892
0.200891,0.200891
0.20089,0.20089
0.200889,0.200889
0.200888,0.200888
0.200887,0.200887
0.200887,0.200887
0.200886,0.200886
0.200883,0.200883
0.200882,0.200882
0.200882,0.200882
0.200882,0.200882
0.200882,0.200882
0.200881,0.200881
0.20088,0.20088
0.20088,0.20088
0.200879,0.200879
0.200879,0.200879
0.200878,0.200878
0.200877,0.200877
0.200877,0.200877
0.200877,0.200877
0.200876,0.200876
0.200875,0.200875
0.200875,0.200875
0.200875,0.200875
0.200874,0.200874
0.200874,0.200874
0.200873,0.200873
0.200872,0.200872
0.200872,0.200872
0.200872,0.200872
0.200869,0.200869
0.200868,0.200868
0.200868,0.200868
0.200867,0.200867
0.200866,0.200866
0.200866,0.200866
0.200866,0.200866
0.200866,0.200866
0.200865,0.200865
0.200864,0.200864
0.200864,0.200864
0.200863,0.200863
0.200863,0.200863
0.20086,0.20086
0.200857,0.200857
0.200857,0.200857
0.200857,0.200857
0.200857,0.200857
0.200856,0.200856
0.200855,0.200855
0.200855,0.200855
0.200854,0.200854
0.200853,0.200853
0.200853,0.200853
0.200853,0.200853
0.200852,0.200852
0.200852,0.200852
0.200852,0.200852
0.200851,0.200851
0.200851,0.200851
0.20085,0.20085
0.200849,0.200849
0.200847,0.200847
0.200845,0.200845
0.200844,0.200844
0.200841,0.200841
0.200841,0.200841
0.200841,0.200841
0.200839,0.200839
0.200837,0.200837
0.200837,0.200837
0.200837,0.200837
0.200836,0.200836
0.200836,0.200836
0.200835,0.200835
0.200834,0.200834
0.200834,0.200834
0.200833,0.200833
0.200833,0.200833
0.20083,0.20083
0.20083,0.20083
0.20083,0.20083
0.200828,0.200828
0.200827,0.200827
0.200827,0.200827
0.200825,0.200825
0.200824,0.200824
0.200821,0.200821
0.20082,0.20082
0.20082,0.20082
0.20082,0.20082
0.200819,0.200819
0.200818,0.200818
0.200818,0.200818
0.200818,0.200818
0.200817,0.200817
0.200817,0.200817
0.200816,0.200816
0.200815,0.200815
0.200815,0.200815
0.200814,0.200814
0.200814,0.200814
0.200813,0.200813
0.200813,0.200813
0.200811,0.200811
0.200809,0.200809
0.200809,0.200809
0.200807,0.200807
0.200807,0.200807
0.200807,0.200807
0.200806,0.200806
0.200806,0.200806
0.200806,0.200806
0.200804,0.200804
0.200804,0.200804
0.200804,0.200804
0.200803,0.200803
0.200803,0.200803
0.200802,0.200802
0.200801,0.200801
0.2008,0.2008
0.200799,0.200799
0.200798,0.200798
0.200797,0.200797
0.200796,0.200796
0.200792,0.200792
0.200792,0.200792
0.200789,0.200789
0.200788,0.200788
0.200788,0.200788
0.200787,0.200787
0.200786,0.200786
0.200786,0.200786
0.200786,0.200786
0.200786,0.200786
0.200785,0.200785
0.200784,0.200784
0.200783,0.200783
0.200781,0.200781
0.200781,0.200781
0.200781,0.200781
0.20078,0.20078
0.20078,0.20078
0.200778,0.200778
0.200777,0.200777
0.200777,0.200777
0.200776,0.200776
0.200774,0.200774
0.200774,0.200774
0.200774,0.200774
0.200774,0.200774
0.200772,0.200772
0.200772,0.200772
0.200772,0.200772
0.200771,0.200771
0.20077,0.20077
0.200768,0.200768
0.200768,0.200768
0.200767,0.200767
0.200766,0.200766
0.200766,0.200766
0.200766,0.200766
0.200766,0.200766
0.200766,0.200766
0.200765,0.200765
0.200764,0.200764
0.200763,0.200763
0.200762,0.200762
0.200761,0.200761
0.20076,0.20076
0.20076,0.20076
0.200759,0.200759
0.200759,0.200759
0.200759,0.200759
0.200758,0.200758
0.200757,0.200757
0.200756,0.200756
0.200756,0.200756
0.200756,0.200756
0.200756,0.200756
0.200756,0.200756
0.200756,0.200756
0.200754,0.200754
0.200753,0.200753
0.200752,0.200752
0.200752,0.200752
0.200751,0.200751
0.20075,0.20075
0.20075,0.20075
0.20075,0.20075
0.20075,0.20075
0.200749,0.200749
0.200749,0.200749
0.200748,0.200748
0.200746,0.200746
0.200746,0.200746
0.200745,0.200745
0.200745,0.200745
0.200743,0.200743
0.200741,0.200741
0.200741,0.200741
0.200741,0.200741
0.20074,0.20074
0.20074,0.20074
0.20074,0.20074
0.200739,0.200739
0.200738,0.200738
0.200737,0.200737
0.200737,0.200737
0.200737,0.200737
0.200736,0.200736
0.200736,0.200736
0.200734,0.200734
0.200734,0.200734
0.200733,0.200733
0.200733,0.200733
0.200733,0.200733
0.200732,0.200732
0.20073,0.20073
0.200727,0.200727
0.200727,0.200727
0.200727,0.200727
0.200727,0.200727
0.200726,0.200726
0.200726,0.200726
0.200726,0.200726
0.200725,0.200725
0.200721,0.200721
0.20072,0.20072
0.20072,0.20072
0.200717,0.200717
0.200714,0.200714
0.200714,0.200714
0.200713,0.200713
0.200713,0.200713
0.200711,0.200711
0.200711,0.200711
0.200708,0.200708
0.200708,0.200708
0.200708,0.200708
0.200706,0.200706
0.200704,0.200704
0.200704,0.200704
0.200704,0.200704
0.200704,0.200704
0.200704,0.200704
0.200704,0.200704
0.200704,0.200704
0.200702,0.200702
0.200699,0.200699
0.200699,0.200699
0.200699,0.200699
0.200698,0.200698
0.200697,0.200697
0.200697,0.200697
0.200697,0.200697
0.200695,0.200695
0.200694,0.200694
0.200692,0.200692
0.200691,0.200691
0.20069,0.20069
0.200689,0.200689
0.200689,0.200689
0.200688,0.200688
0.200686,0.200686
0.200685,0.200685
0.200684,0.200684
0.200682,0.200682
0.20068,0.20068
0.200679,0.200679
0.200678,0.200678
0.200677,0.200677
0.200676,0.200676
0.200675,0.200675
0.200674,0.200674
0.200674,0.200674
0.200673,0.200673
0.200671,0.200671
0.200671,0.200671
0.20067,0.20067
0.200669,0.200669
0.200668,0.200668
0.200668,0.200668
0.200668,0.200668
0.200667,0.200667
0.200664,0.200664
0.200664,0.200664
0.200664,0.200664
0.200663,0.200663
0.200663,0.200663
0.200663,0.200663
0.200662,0.200662
0.200662,0.200662
0.200662,0.200662
0.200661,0.200661
0.20066,0.20066
0.20066,0.20066
0.20066,0.20066
0.20066,0.20066
0.200658,0.200658
0.200657,0.200657
0.200657,0.200657
0.200655,0.200655
0.200655,0.200655
0.200653,0.200653
0.200653,0.200653
0.200652,0.200652
0.200652,0.200652
0.200651,0.200651
0.200649,0.200649
0.200649,0.200649
0.200649,0.200649
0.200648,0.200648
0.200647,0.200647
0.200647,0.200647
0.200647,0.200647
0.200647,0.200647
0.200646,0.200646
0.200646,0.200646
0.200644,0.200644
0.200643,0.200643
0.200642,0.200642
0.200641,0.200641
0.200639,0.200639
0.200639,0.200639
0.200639,0.200639
0.200638,0.200638
0.200637,0.200637
0.200637,0.200637
0.200637,0.200637
0.200636,0.200636
0.200635,0.200635
0.200634,0.200634
0.200633,0.200633
0.200633,0.200633
0.200633,0.200633
0.200632,0.200632
0.20063,0.20063
0.20063,0.20063
0.200629,0.200629
0.200628,0.200628
0.200628,0.200628
0.200627,0.200627
0.200626,0.200626
0.200625,0.200625
0.200622,0.200622
0.200621,0.200621
0.20062,0.20062
0.200619,0.200619
0.200619,0.200619
0.200618,0.200618
0.200617,0.200617
0.200614,0.200614
0.200613,0.200613
0.200613,0.200613
0.200613,0.200613
0.20061,0.20061
0.200607,0.200607
0.200606,0.200606
0.200605,0.200605
0.200604,0.200604
0.200602,0.200602
0.200602,0.200602
0.200601,0.200601
0.200601,0.200601
0.200599,0.200599
0.200598,0.200598
0.200596,0.200596
0.20059,0.20059
0.20059,0.20059
0.200589,0.200589
0.200587,0.200587
0.200587,0.200587
0.200586,0.200586
0.200585,0.200585
0.200584,0.200584
0.200583,0.200583
0.200582,0.200582
0.200582,0.200582
0.200582,0.200582
0.20058,0.20058
0.20058,0.20058
0.20058,0.20058
0.200578,0.200578
0.200577,0.200577
0.200576,0.200576
0.200576,0.200576
0.200576,0.200576
0.200576,0.200576
0.200575,0.200575
0.200575,0.200575
0.200575,0.200575
0.200573,0.200573
0.200571,0.200571
0.200571,0.200571
0.200571,0.200571
0.200571,0.200571
0.20057,0.20057
0.200569,0.200569
0.200568,0.200568
0.200567,0.200567
0.200567,0.200567
0.200567,0.200567
0.200566,0.200566
0.200564,0.200564
0.200562,0.200562
0.200561,0.200561
0.200561,0.200561
0.20056,0.20056
0.200559,0.200559
0.200559,0.200559
0.200557,0.200557
0.200557,0.200557
0.200556,0.200556
0.200555,0.200555
0.200554,0.200554
0.200554,0.200554
0.200554,0.200554
0.200551,0.200551
0.200549,0.200549
0.200548,0.200548
0.200547,0.200547
0.200546,0.200546
0.200546,0.200546
0.200545,0.200545
0.200545,0.200545
0.200544,0.200544
0.200544,0.200544
0.200542,0.200542
0.200539,0.200539
0.200539,0.200539
0.200536,0.200536
0.200535,0.200535
0.200534,0.200534
0.200533,0.200533
0.200531,0.200531
0.200531,0.200531
0.200531,0.200531
0.200531,0.200531
0.20053,0.20053
0.200529,0.200529
0.200528,0.200528
0.200528,0.200528
0.200527,0.200527
0.200525,0.200525
0.200524,0.200524
0.200524,0.200524
0.200523,0.200523
0.200523,0.200523
0.200522,0.200522
0.200521,0.200521
0.20052,0.20052
0.20052,0.20052
0.20052,0.20052
0.20052,0.20052
0.200519,0.200519
0.200518,0.200518
0.200517,0.200517
0.200515,0.200515
0.200514,0.200514
0.200511,0.200511
0.20051,0.20051
0.20051,0.20051
0.200508,0.200508
0.200506,0.200506
0.200506,0.200506
0.200506,0.200506
0.200505,0.200505
0.200505,0.200505
0.200503,0.200503
0.200503,0.200503
0.200502,0.200502
0.200501,0.200501
0.200499,0.200499
0.200499,0.200499
0.200498,0.200498
0.200497,0.200497
0.200497,0.200497
0.200494,0.200494
0.200494,0.200494
0.200494,0.200494
0.200493,0.200493
0.200492,0.200492
0.200491,0.200491
0.200491,0.200491
0.200491,0.200491
0.200491,0.200491
0.200491,0.200491
0.20049,0.20049
0.200489,0.200489
0.200488,0.200488
0.200487,0.200487
0.200486,0.200486
0.200485,0.200485
0.200485,0.200485
0.200485,0.200485
0.200483,0.200483
0.200482,0.200482
0.200482,0.200482
0.200482,0.200482
0.20048,0.20048
0.20048,0.20048
0.200478,0.200478
0.200478,0.200478
0.200478,0.200478
0.200476,0.200476
0.200476,0.200476
0.200476,0.200476
0.200476,0.200476
0.200475,0.200475
0.200474,0.200474
0.200472,0.200472
0.20047,0.20047
0.200469,0.200469
0.200468,0.200468
0.200467,0.200467
0.200466,0.200466
0.200465,0.200465
0.200465,0.200465
0.200464,0.200464
0.200463,0.200463
0.200463,0.200463
0.200463,0.200463
0.200463,0.200463
0.200461,0.200461
0.200461,0.200461
0.20046,0.20046
0.200459,0.200459
0.200459,0.200459
0.200459,0.200459
0.200458,0.200458
0.200458,0.200458
0.200457,0.200457
0.200457,0.200457
0.200456,0.200456
0.200454,0.200454
0.200453,0.200453
0.200453,0.200453
0.200452,0.200452
0.20045,0.20045
0.20045,0.20045
0.200449,0.200449
0.200449,0.200449
0.200449,0.200449
0.200448,0.200448
0.200448,0.200448
0.200447,0.200447
0.200446,0.200446
0.200443,0.200443
0.200442,0.200442
0.200441,0.200441
0.200439,0.200439
0.200437,0.200437
0.200437,0.200437
0.200437,0.200437
0.200437,0.200437
0.200437,0.200437
0.200436,0.200436
0.200436,0.200436
0.200436,0.200436
0.200435,0.200435
0.200435,0.200435
0.200434,0.200434
0.200433,0.200433
0.200433,0.200433
0.200431,0.200431
0.200431,0.200431
0.200431,0.200431
0.20043,0.20043
0.200428,0.200428
0.200428,0.200428
0.200428,0.200428
0.200427,0.200427
0.200427,0.200427
0.200426,0.200426
0.200424,0.200424
0.200424,0.200424
0.200421,0.200421
0.20042,0.20042
0.200419,0.200419
0.200419,0.200419
0.200418,0.200418
0.200417,0.200417
0.200416,0.200416
0.200413,0.200413
0.200413,0.200413
0.200413,0.200413
0.200412,0.200412
0.200412,0.200412
0.200412,0.200412
0.200411,0.200411
0.200411,0.200411
0.20041,0.20041
0.20041,0.20041
0.20041,0.20041
0.200409,0.200409
0.200409,0.200409
0.200409,0.200409
0.200407,0.200407
0.200406,0.200406
0.200405,0.200405
0.200405,0.200405
0.200404,0.200404
0.200403,0.200403
0.200403,0.200403
0.200402,0.200402
0.200401,0.200401
0.200401,0.200401
0.2004,0.2004
0.200399,0.200399
0.200399,0.200399
0.200399,0.200399
0.200398,0.200398
0.200396,0.200396
0.200394,0.200394
0.200394,0.200394
0.200393,0.200393
0.200392,0.200392
0.200391,0.200391
0.20039,0.20039
0.200389,0.200389
0.200388,0.200388
0.200387,0.200387
0.200387,0.200387
0.200386,0.200386
0.200384,0.200384
0.200381,0.200381
0.20038,0.20038
0.20038,0.20038
0.200379,0.200379
0.200378,0.200378
0.200378,0.200378
0.200376,0.200376
0.200376,0.200376
0.200376,0.200376
0.200373,0.200373
0.200373,0.200373
0.200372,0.200372
0.200372,0.200372
0.20037,0.20037
0.200369,0.200369
0.200369,0.200369
0.200368,0.200368
0.200366,0.200366
0.200366,0.200366
0.200366,0.200366
0.200365,0.200365
0.200364,0.200364
0.200364,0.200364
0.200357,0.200357
0.200355,0.200355
0.200354,0.200354
0.200353,0.200353
0.200352,0.200352
0.200351,0.200351
0.200351,0.200351
0.200348,0.200348
0.200348,0.200348
0.200347,0.200347
0.200347,0.200347
0.200346,0.200346
0.200345,0.200345
0.200345,0.200345
0.200342,0.200342
0.200341,0.200341
0.200339,0.200339
0.200339,0.200339
0.200338,0.200338
0.200338,0.200338
0.200337,0.200337
0.200334,0.200334
0.200334,0.200334
0.200334,0.200334
0.200334,0.200334
0.200333,0.200333
0.200333,0.200333
0.200331,0.200331
0.20033,0.20033
0.200329,0.200329
0.200328,0.200328
0.200327,0.200327
0.200327,0.200327
0.200327,0.200327
0.200326,0.200326
0.200325,0.200325
0.200324,0.200324
0.200322,0.200322
0.200319,0.200319
0.200318,0.200318
0.200317,0.200317
0.200317,0.200317
0.200316,0.200316
0.200316,0.200316
0.200315,0.200315
0.200314,0.200314
0.200314,0.200314
0.200313,0.200313
0.200311,0.200311
0.200311,0.200311
0.200309,0.200309
0.200308,0.200308
0.200307,0.200307
0.200305,0.200305
0.200303,0.200303
0.200303,0.200303
0.200303,0.200303
0.200303,0.200303
0.200303,0.200303
0.200302,0.200302
0.200302,0.200302
0.200302,0.200302
0.200301,0.200301
0.200299,0.200299
0.200297,0.200297
0.200297,0.200297
0.200296,0.200296
0.200294,0.200294
0.200293,0.200293
0.200293,0.200293
0.200291,0.200291
0.200291,0.200291
0.200291,0.200291
0.200289,0.200289
0.200288,0.200288
0.200288,0.200288
0.200287,0.200287
0.200287,0.200287
0.200287,0.200287
0.200286,0.200286
0.200286,0.200286
0.200284,0.200284
0.200284,0.200284
0.200283,0.200283
0.200283,0.200283
0.200281,0.200281
0.200279,0.200279
0.200279,0.200279
0.200279,0.200279
0.200276,0.200276
0.200276,0.200276
0.200275,0.200275
0.200275,0.200275
0.200274,0.200274
0.200274,0.200274
0.200271,0.200271
0.20027,0.20027
0.200268,0.200268
0.200267,0.200267
0.200266,0.200266
0.200264,0.200264
0.200263,0.200263
0.200263,0.200263
0.200261,0.200261
0.200261,0.200261
0.200261,0.200261
0.20026,0.20026
0.200259,0.200259
0.200258,0.200258
0.200258,0.200258
0.200254,0.200254
0.200253,0.200253
0.200253,0.200253
0.200253,0.200253
0.200252,0.200252
0.200252,0.200252
0.200251,0.200251
0.200251,0.200251
0.20025,0.20025
0.200249,0.200249
0.200248,0.200248
0.200248,0.200248
0.200246,0.200246
0.200245,0.200245
0.200245,0.200245
0.200244,0.200244
0.200244,0.200244
0.200244,0.200244
0.200243,0.200243
0.200243,0.200243
0.200243,0.200243
0.20024,0.20024
0.200238,0.200238
0.200237,0.200237
0.200237,0.200237
0.200234,0.200234
0.200233,0.200233
0.20023,0.20023
0.20023,0.20023
0.20023,0.20023
0.200229,0.200229
0.200229,0.200229
0.200228,0.200228
0.200227,0.200227
0.200223,0.200223
0.200222,0.200222
0.200222,0.200222
0.200221,0.200221
0.200221,0.200221
0.20022,0.20022
0.200219,0.200219
0.200217,0.200217
0.200216,0.200216
0.200216,0.200216
0.200215,0.200215
0.200215,0.200215
0.200213,0.200213
0.200213,0.200213
0.200212,0.200212
0.200212,0.200212
0.200211,0.200211
0.200211,0.200211
0.200207,0.200207
0.200207,0.200207
0.200205,0.200205
0.2002,0.2002
0.200197,0.200197
0.200196,0.200196
0.200195,0.200195
0.200195,0.200195
0.200194,0.200194
0.200194,0.200194
0.200193,0.200193
0.200193,0.200193
0.200191,0.200191
0.200188,0.200188
0.200188,0.200188
0.200188,0.200188
0.200187,0.200187
0.200187,0.200187
0.200187,0.200187
0.200186,0.200186
0.200186,0.200186
0.200186,0.200186
0.200185,0.200185
0.200182,0.200182
0.200181,0.200181
0.200181,0.200181
0.200181,0.200181
0.20018,0.20018
0.20018,0.20018
0.200178,0.200178
0.200178,0.200178
0.200177,0.200177
0.200177,0.200177
0.200177,0.200177
0.200176,0.200176
0.200174,0.200174
0.200173,0.200173
0.200172,0.200172
0.200171,0.200171
0.200168,0.200168
0.200166,0.200166
0.200166,0.200166
0.200166,0.200166
0.200164,0.200164
0.200163,0.200163
0.200163,0.200163
0.200162,0.200162
0.200162,0.200162
0.200161,0.200161
0.20016,0.20016
0.200159,0.200159
0.200159,0.200159
0.200158,0.200158
0.200157,0.200157
0.200155,0.200155
0.200155,0.200155
0.200153,0.200153
0.200153,0.200153
0.200152,0.200152
0.200151,0.200151
0.20015,0.20015
0.20015,0.20015
0.20015,0.20015
0.200148,0.200148
0.200146,0.200146
0.200146,0.200146
0.200146,0.200146
0.200145,0.200145
0.200145,0.200145
0.200145,0.200145
0.200145,0.200145
0.200142,0.200142
0.200142,0.200142
0.200142,0.200142
0.200142,0.200142
0.200139,0.200139
0.200138,0.200138
0.200132,0.200132
0.200132,0.200132
0.20013,0.20013
0.20013,0.20013
0.200129,0.200129
0.200128,0.200128
0.200127,0.200127
0.200126,0.200126
0.200124,0.200124
0.200124,0.200124
0.200121,0.200121
0.200121,0.200121
0.200118,0.200118
0.200117,0.200117
0.200117,0.200117
0.200116,0.200116
0.200116,0.200116
0.200113,0.200113
0.200112,0.200112
0.20011,0.20011
0.20011,0.20011
0.200108,0.200108
0.200108,0.200108
0.200108,0.200108
0.200107,0.200107
0.200107,0.200107
0.200107,0.200107
0.200107,0.200107
0.200105,0.200105
0.200104,0.200104
0.200104,0.200104
0.200103,0.200103
0.200102,0.200102
0.200101,0.200101
0.200101,0.200101
0.200101,0.200101
0.200099,0.200099
0.200099,0.200099
0.200099,0.200099
0.200098,0.200098
0.200098,0.200098
0.200098,0.200098
0.200096,0.200096
0.200096,0.200096
0.200094,0.200094
0.200091,0.200091
0.20009,0.20009
0.200089,0.200089
0.200084,0.200084
0.200082,0.200082
0.200082,0.200082
0.200082,0.200082
0.20008,0.20008
0.200079,0.200079
0.200078,0.200078
0.200077,0.200077
0.200076,0.200076
0.200074,0.200074
0.200074,0.200074
0.200072,0.200072
0.200066,0.200066
0.200065,0.200065
0.200063,0.200063
0.200062,0.200062
0.200061,0.200061
0.200061,0.200061
0.200061,0.200061
0.200061,0.200061
0.200059,0.200059
0.200058,0.200058
0.200058,0.200058
0.200057,0.200057
0.200056,0.200056
0.200056,0.200056
0.200055,0.200055
0.200053,0.200053
0.200052,0.200052
0.200051,0.200051
0.200051,0.200051
0.200051,0.200051
0.200048,0.200048
0.200048,0.200048
0.200046,0.200046
0.200045,0.200045
0.200044,0.200044
0.200042,0.200042
0.200042,0.200042
0.20004,0.20004
0.200039,0.200039
0.200038,0.200038
0.200036,0.200036
0.200035,0.200035
0.200035,0.200035
0.200035,0.200035
0.200034,0.200034
0.200034,0.200034
0.200033,0.200033
0.200032,0.200032
0.20003,0.20003
0.200027,0.200027
0.200026,0.200026
0.200024,0.200024
0.200024,0.200024
0.200022,0.200022
0.200022,0.200022
0.200021,0.200021
0.200021,0.200021
0.200017,0.200017
0.200016,0.200016
0.200016,0.200016
0.200015,0.200015
0.200014,0.200014
0.200014,0.200014
0.200011,0.200011
0.20001,0.20001
0.20001,0.20001
0.20001,0.20001
0.200009,0.200009
0.200009,0.200009
0.200008,0.200008
0.200008,0.200008
0.200008,0.200008
0.200007,0.200007
0.200007,0.200007
0.200006,0.200006
0.200006,0.200006
0.200005,0.200005
0.200004,0.200004
0.200004,0.200004
0.200002,0.200002
0.200002,0.200002
0.200001,0.200001
0.199999,0.199999
0.199999,0.199999
0.199999,0.199999
0.199997,0.199997
0.199997,0.199997
0.199995,0.199995
0.199994,0.199994
0.199994,0.199994
0.199994,0.199994
0.199993,0.199993
0.199993,0.199993
0.199993,0.199993
0.199989,0.199989
0.199986,0.199986
0.199982,0.199982
0.199982,0.199982
0.199982,0.199982
0.199981,0.199981
0.19998,0.19998
0.199979,0.199979
0.199979,0.199979
0.199978,0.199978
0.199978,0.199978
0.199978,0.199978
0.199975,0.199975
0.199974,0.199974
0.199974,0.199974
0.199972,0.199972
0.19997,0.19997
0.199969,0.199969
0.199968,0.199968
0.199967,0.199967
0.199966,0.199966
0.199965,0.199965
0.199965,0.199965
0.199964,0.199964
0.199963,0.199963
0.199963,0.199963
0.199962,0.199962
0.199959,0.199959
0.199958,0.199958
0.199955,0.199955
0.199954,0.199954
0.199954,0.199954
0.199953,0.199953
0.199953,0.199953
0.199952,0.199952
0.199951,0.199951
0.199949,0.199949
0.199947,0.199947
0.199945,0.199945
0.199944,0.199944
0.199942,0.199942
0.199941,0.199941
0.19994,0.19994
0.199939,0.199939
0.199938,0.199938
0.199936,0.199936
0.199935,0.199935
0.199933,0.199933
0.199933,0.199933
0.199933,0.199933
0.199932,0.199932
0.199931,0.199931
0.199931,0.199931
0.199928,0.199928
0.199928,0.199928
0.199927,0.199927
0.199926,0.199926
0.199924,0.199924
0.199924,0.199924
0.199923,0.199923
0.199923,0.199923
0.199922,0.199922
0.199921,0.199921
0.199919,0.199919
0.199919,0.199919
0.199918,0.199918
0.199918,0.199918
0.199916,0.199916
0.199915,0.199915
0.199912,0.199912
0.19991,0.19991
0.19991,0.19991
0.199909,0.199909
0.199908,0.199908
0.199908,0.199908
0.199907,0.199907
0.199906,0.199906
0.199905,0.199905
0.199905,0.199905
0.199905,0.199905
0.199904,0.199904
0.199904,0.199904
0.199902,0.199902
0.199902,0.199902
0.199901,0.199901
0.199901,0.199901
0.199901,0.199901
0.1999,0.1999
0.199899,0.199899
0.199898,0.199898
0.199896,0.199896
0.199894,0.199894
0.199893,0.199893
0.199892,0.199892
0.19989,0.19989
0.199887,0.199887
0.199887,0.199887
0.199885,0.199885
0.199885,0.199885
0.199883,0.199883
0.199882,0.199882
0.199881,0.199881
0.19988,0.19988
0.199879,0.199879
0.199878,0.199878
0.199877,0.199877
0.199876,0.199876
0.199876,0.199876
0.199875,0.199875
0.199875,0.199875
0.199875,0.199875
0.199874,0.199874
0.199874,0.199874
0.199874,0.199874
0.199871,0.199871
0.19987,0.19987
0.19987,0.19987
0.199869,0.199869
0.199868,0.199868
0.199868,0.199868
0.199865,0.199865
0.199863,0.199863
0.199863,0.199863
0.199862,0.199862
0.199862,0.199862
0.199861,0.199861
0.199861,0.199861
0.19986,0.19986
0.199857,0.199857
0.199856,0.199856
0.199856,0.199856
0.199852,0.199852
0.199851,0.199851
0.199848,0.199848
0.199846,0.199846
0.199843,0.199843
0.199843,0.199843
0.199841,0.199841
0.19984,0.19984
0.19984,0.19984
0.199837,0.199837
0.199836,0.199836
0.199835,0.199835
0.199833,0.199833
0.199832,0.199832
0.19983,0.19983
0.19983,0.19983
0.199829,0.199829
0.199828,0.199828
0.199825,0.199825
0.199825,0.199825
0.199823,0.199823
0.199823,0.199823
0.19982,0.19982
0.199819,0.199819
0.199819,0.199819
0.199818,0.199818
0.199817,0.199817
0.199815,0.199815
0.199814,0.199814
0.199814,0.199814
0.199813,0.199813
0.199813,0.199813
0.199811,0.199811
0.199806,0.199806
0.199804,0.199804
0.199804,0.199804
0.199803,0.199803
0.199803,0.199803
0.199802,0.199802
0.199801,0.199801
0.199799,0.199799
0.199799,0.199799
0.199798,0.199798
0.199798,0.199798
0.199796,0.199796
0.199794,0.199794
0.199793,0.199793
0.199789,0.199789
0.199789,0.199789
0.199788,0.199788
0.199787,0.199787
0.199787,0.199787
0.199785,0.199785
0.199783,0.199783
0.19978,0.19978
0.19978,0.19978
0.19978,0.19978
0.199777,0.199777
0.199774,0.199774
0.199774,0.199774
0.199772,0.199772
0.199772,0.199772
0.199771,0.199771
0.199771,0.199771
0.19977,0.19977
0.199764,0.199764
0.199763,0.199763
0.199763,0.199763
0.199763,0.199763
0.199762,0.199762
0.199761,0.199761
0.19976,0.19976
0.199759,0.199759
0.199756,0.199756
0.199756,0.199756
0.199756,0.199756
0.199755,0.199755
0.199753,0.199753
0.199753,0.199753
0.199752,0.199752
0.199751,0.199751
0.199751,0.199751
0.199749,0.199749
0.199747,0.199747
0.199744,0.199744
0.199744,0.199744
0.199743,0.199743
0.199743,0.199743
0.199742,0.199742
0.19974,0.19974
0.199739,0.199739
0.199739,0.199739
0.199738,0.199738
0.199738,0.199738
0.199736,0.199736
0.199736,0.199736
0.199735,0.199735
0.199734,0.199734
0.199733,0.199733
0.199732,0.199732
0.199731,0.199731
0.19973,0.19973
0.199729,0.199729
0.199728,0.199728
0.199724,0.199724
0.199724,0.199724
0.19972,0.19972
0.19972,0.19972
0.19972,0.19972
0.199719,0.199719
0.199716,0.199716
0.199712,0.199712
0.19971,0.19971
0.199707,0.199707
0.199707,0.199707
0.199706,0.199706
0.199704,0.199704
0.199704,0.199704
0.199703,0.199703
0.199701,0.199701
0.199698,0.199698
0.199697,0.199697
0.199696,0.199696
0.199696,0.199696
0.199695,0.199695
0.199693,0.199693
0.199693,0.199693
0.199691,0.199691
0.199691,0.199691
0.199686,0.199686
0.199682,0.199682
0.199681,0.199681
0.19968,0.19968
0.199679,0.199679
0.199677,0.199677
0.199677,0.199677
0.199675,0.199675
0.199672,0.199672
0.199672,0.199672
0.199671,0.199671
0.199668,0.199668
0.199668,0.199668
0.199667,0.199667
0.199666,0.199666
0.199663,0.199663
0.199663,0.199663
0.199662,0.199662
0.19966,0.19966
0.199658,0.199658
0.199656,0.199656
0.199656,0.199656
0.199656,0.199656
0.199655,0.199655
0.199653,0.199653
0.199652,0.199652
0.199652,0.199652
0.199651,0.199651
0.199648,0.199648
0.199647,0.199647
0.199647,0.199647
0.199647,0.199647
0.199646,0.199646
0.199645,0.199645
0.199644,0.199644
0.199638,0.199638
0.199635,0.199635
0.199635,0.199635
0.199631,0.199631
0.19963,0.19963
0.199629,0.199629
0.199628,0.199628
0.199627,0.199627
0.199626,0.199626
0.199624,0.199624
0.199624,0.199624
0.199623,0.199623
0.199623,0.199623
0.199623,0.199623
0.19962,0.19962
0.19962,0.19962
0.199619,0.199619
0.199615,0.199615
0.199615,0.199615
0.199614,0.199614
0.19961,0.19961
0.199607,0.199607
0.199606,0.199606
0.199606,0.199606
0.199605,0.199605
0.199604,0.199604
0.199603,0.199603
0.199603,0.199603
0.199603,0.199603
0.199602,0.199602
0.199602,0.199602
0.199601,0.199601
0.199599,0.199599
0.199599,0.199599
0.199597,0.199597
0.199596,0.199596
0.199596,0.199596
0.199595,0.199595
0.199593,0.199593
0.199593,0.199593
0.199592,0.199592
0.199592,0.199592
0.199591,0.199591
0.199591,0.199591
0.19959,0.19959
0.199588,0.199588
0.199587,0.199587
0.199585,0.199585
0.199585,0.199585
0.199584,0.199584
0.199584,0.199584
0.199583,0.199583
0.199582,0.199582
0.19958,0.19958
0.199577,0.199577
0.199577,0.199577
0.199573,0.199573
0.199569,0.199569
0.199569,0.199569
0.199569,0.199569
0.199568,0.199568
0.199567,0.199567
0.199567,0.199567
0.199567,0.199567
0.199566,0.199566
0.199566,0.199566
0.199565,0.199565
0.199565,0.199565
0.199564,0.199564
0.199564,0.199564
0.199562,0.199562
0.199561,0.199561
0.199561,0.199561
0.199561,0.199561
0.199559,0.199559
0.199558,0.199558
0.199557,0.199557
0.199554,0.199554
0.199551,0.199551
0.199549,0.199549
0.199548,0.199548
0.199548,0.199548
0.199547,0.199547
0.199546,0.199546
0.199546,0.199546
0.199546,0.199546
0.199544,0.199544
0.199544,0.199544
0.199543,0.199543
0.199543,0.199543
0.199543,0.199543
0.199541,0.199541
0.199541,0.199541
0.199538,0.199538
0.199538,0.199538
0.199537,0.199537
0.199536,0.199536
0.199536,0.199536
0.199534,0.199534
0.199531,0.199531
0.199531,0.199531
0.199531,0.199531
0.19953,0.19953
0.199526,0.199526
0.199525,0.199525
0.199525,0.199525
0.199524,0.199524
0.199524,0.199524
0.199523,0.199523
0.199522,0.199522
0.199521,0.199521
0.19952,0.19952
0.199518,0.199518
0.199517,0.199517
0.199517,0.199517
0.199516,0.199516
0.199513,0.199513
0.199513,0.199513
0.199512,0.199512
0.199511,0.199511
0.19951,0.19951
0.19951,0.19951
0.199509,0.199509
0.199508,0.199508
0.199508,0.199508
0.199507,0.199507
0.199505,0.199505
0.199505,0.199505
0.199504,0.199504
0.199504,0.199504
0.199503,0.199503
0.199502,0.199502
0.199499,0.199499
0.199497,0.199497
0.199497,0.199497
0.199495,0.199495
0.199494,0.199494
0.199492,0.199492
0.199491,0.199491
0.199489,0.199489
0.199488,0.199488
0.199488,0.199488
0.199484,0.199484
0.199482,0.199482
0.199482,0.199482
0.199481,0.199481
0.19948,0.19948
0.19948,0.19948
0.19948,0.19948
0.19948,0.19948
0.199477,0.199477
0.199473,0.199473
0.199473,0.199473
0.199472,0.199472
0.19947,0.19947
0.199463,0.199463
0.199463,0.199463
0.199462,0.199462
0.19946,0.19946
0.199459,0.199459
0.199458,0.199458
0.199455,0.199455
0.199454,0.199454
0.19945,0.19945
0.19945,0.19945
0.19945,0.19945
0.199444,0.199444
0.199444,0.199444
0.199444,0.199444
0.199442,0.199442
0.199442,0.199442
0.19944,0.19944
0.199434,0.199434
0.199434,0.199434
0.199433,0.199433
0.199432,0.199432
0.199431,0.199431
0.199431,0.199431
0.199428,0.199428
0.199424,0.199424
0.199422,0.199422
0.199422,0.199422
0.199421,0.199421
0.199421,0.199421
0.19942,0.19942
0.199414,0.199414
0.199414,0.199414
0.199413,0.199413
0.199412,0.199412
0.199411,0.199411
0.19941,0.19941
0.199406,0.199406
0.199405,0.199405
0.199402,0.199402
0.1994,0.1994
0.1994,0.1994
0.199398,0.199398
0.199397,0.199397
0.199396,0.199396
0.199395,0.199395
0.199395,0.199395
0.199391,0.199391
0.19939,0.19939
0.19939,0.19939
0.19939,0.19939
0.199389,0.199389
0.199388,0.199388
0.199386,0.199386
0.199384,0.199384
0.199381,0.199381
0.19938,0.19938
0.199379,0.199379
0.199378,0.199378
0.199375,0.199375
0.199374,0.199374
0.199374,0.199374
0.199373,0.199373
0.19937,0.19937
0.19937,0.19937
0.199369,0.199369
0.199365,0.199365
0.199364,0.199364
0.199361,0.199361
0.19936,0.19936
0.199353,0.199353
0.199352,0.199352
0.199352,0.199352
0.199352,0.199352
0.19935,0.19935
0.199348,0.199348
0.199348,0.199348
0.199347,0.199347
0.199342,0.199342
0.199341,0.199341
0.199338,0.199338
0.199338,0.199338
0.199337,0.199337
0.199335,0.199335
0.199335,0.199335
0.199335,0.199335
0.199334,0.199334
0.199334,0.199334
0.199334,0.199334
0.199329,0.199329
0.199327,0.199327
0.199327,0.199327
0.199324,0.199324
0.199323,0.199323
0.199321,0.199321
0.19932,0.19932
0.19932,0.19932
0.199319,0.199319
0.199319,0.199319
0.199317,0.199317
0.199317,0.199317
0.199312,0.199312
0.199311,0.199311
0.19931,0.19931
0.199309,0.199309
0.199307,0.199307
0.199304,0.199304
0.199302,0.199302
0.199301,0.199301
0.1993,0.1993
0.199298,0.199298
0.199297,0.199297
0.199296,0.199296
0.199293,0.199293
0.199293,0.199293
0.199292,0.199292
0.199292,0.199292
0.199291,0.199291
0.199291,0.199291
0.199291,0.199291
0.19929,0.19929
0.19929,0.19929
0.199288,0.199288
0.199288,0.199288
0.199286,0.199286
0.199285,0.199285
0.199281,0.199281
0.19928,0.19928
0.199278,0.199278
0.199274,0.199274
0.199273,0.199273
0.19927,0.19927
0.199269,0.199269
0.199269,0.199269
0.199267,0.199267
0.199266,0.199266
0.199266,0.199266
0.199265,0.199265
0.199264,0.199264
0.199263,0.199263
0.199262,0.199262
0.199258,0.199258
0.199255,0.199255
0.199253,0.199253
0.199249,0.199249
0.199247,0.199247
0.199247,0.199247
0.199245,0.199245
0.199243,0.199243
0.19924,0.19924
0.199238,0.199238
0.199235,0.199235
0.199234,0.199234
0.199233,0.199233
0.199232,0.199232
0.199232,0.199232
0.19923,0.19923
0.199229,0.199229
0.199229,0.199229
0.199228,0.199228
0.199228,0.199228
0.199227,0.199227
0.199226,0.199226
0.199226,0.199226
0.199225,0.199225
0.199225,0.199225
0.199223,0.199223
0.199221,0.199221
0.19922,0.19922
0.19922,0.19922
0.199217,0.199217
0.199215,0.199215
0.199215,0.199215
0.199212,0.199212
0.19921,0.19921
0.19921,0.19921
0.199209,0.199209
0.199209,0.199209
0.199208,0.199208
0.199207,0.199207
0.199207,0.199207
0.199207,0.199207
0.199206,0.199206
0.199205,0.199205
0.199204,0.199204
0.199204,0.199204
0.1992,0.1992
0.199198,0.199198
0.199198,0.199198
0.199196,0.199196
0.199196,0.199196
0.199195,0.199195
0.199192,0.199192
0.199191,0.199191
0.199189,0.199189
0.199187,0.199187
0.199187,0.199187
0.199187,0.199187
0.199185,0.199185
0.199182,0.199182
0.199181,0.199181
0.199179,0.199179
0.199178,0.199178
0.199175,0.199175
0.199171,0.199171
0.19917,0.19917
0.199168,0.199168
0.199167,0.199167
0.199167,0.199167
0.199166,0.199166
0.199166,0.199166
0.199163,0.199163
0.199159,0.199159
0.199156,0.199156
0.199156,0.199156
0.199154,0.199154
0.199154,0.199154
0.199152,0.199152
0.199151,0.199151
0.19915,0.19915
0.199144,0.199144
0.199143,0.199143
0.199138,0.199138
0.199138,0.199138
0.199138,0.199138
0.199137,0.199137
0.199137,0.199137
0.199136,0.199136
0.19913,0.19913
0.199129,0.199129
0.199128,0.199128
0.199127,0.199127
0.199124,0.199124
0.199119,0.199119
0.199118,0.199118
0.199117,0.199117
0.199116,0.199116
0.199115,0.199115
0.199113,0.199113
0.199113,0.199113
0.199112,0.199112
0.199109,0.199109
0.199105,0.199105
0.199104,0.199104
0.199104,0.199104
0.199104,0.199104
0.199103,0.199103
0.199099,0.199099
0.199096,0.199096
0.199095,0.199095
0.199094,0.199094
0.199092,0.199092
0.199089,0.199089
0.199089,0.199089
0.199087,0.199087
0.199087,0.199087
0.199085,0.199085
0.199085,0.199085
0.199083,0.199083
0.199083,0.199083
0.199082,0.199082
0.199081,0.199081
0.199077,0.199077
0.199076,0.199076
0.199073,0.199073
0.199072,0.199072
0.199067,0.199067
0.199065,0.199065
0.199065,0.199065
0.199065,0.199065
0.199064,0.199064
0.199064,0.199064
0.199062,0.199062
0.199062,0.199062
0.199061,0.199061
0.19906,0.19906
0.199059,0.199059
0.199055,0.199055
0.199054,0.199054
0.199053,0.199053
0.199052,0.199052
0.199046,0.199046
0.199046,0.199046
0.199046,0.199046
0.199046,0.199046
0.199045,0.199045
0.199044,0.199044
0.199044,0.199044
0.199042,0.199042
0.19904,0.19904
0.19904,0.19904
0.19904,0.19904
0.199039,0.199039
0.199038,0.199038
0.19903,0.19903
0.199025,0.199025
0.199024,0.199024
0.199024,0.199024
0.199023,0.199023
0.199023,0.199023
0.199023,0.199023
0.199023,0.199023
0.199017,0.199017
0.199017,0.199017
0.199017,0.199017
0.199016,0.199016
0.199016,0.199016
0.199015,0.199015
0.199013,0.199013
0.19901,0.19901
0.199008,0.199008
0.199005,0.199005
0.199004,0.199004
0.199003,0.199003
0.198998,0.198998
0.198996,0.198996
0.198996,0.198996
0.198994,0.198994
0.198993,0.198993
0.198992,0.198992
0.198988,0.198988
0.198988,0.198988
0.198987,0.198987
0.198985,0.198985
0.198983,0.198983
0.198979,0.198979
0.198978,0.198978
0.198977,0.198977
0.198976,0.198976
0.198969,0.198969
0.198966,0.198966
0.198966,0.198966
0.198965,0.198965
0.198964,0.198964
0.198964,0.198964
0.19896,0.19896
0.198958,0.198958
0.198954,0.198954
0.198954,0.198954
0.198953,0.198953
0.198952,0.198952
0.198949,0.198949
0.198949,0.198949
0.198948,0.198948
0.198948,0.198948
0.198946,0.198946
0.198943,0.198943
0.19894,0.19894
0.198936,0.198936
0.198936,0.198936
0.198931,0.198931
0.198927,0.198927
0.198927,0.198927
0.198926,0.198926
0.198924,0.198924
0.198921,0.198921
0.198917,0.198917
0.198916,0.198916
0.19891,0.19891
0.198908,0.198908
0.198907,0.198907
0.198907,0.198907
0.198904,0.198904
0.1989,0.1989
0.198898,0.198898
0.198898,0.198898
0.198895,0.198895
0.198895,0.198895
0.198893,0.198893
0.198888,0.198888
0.198883,0.198883
0.198881,0.198881
0.198875,0.198875
0.198874,0.198874
0.198869,0.198869
0.198868,0.198868
0.198862,0.198862
0.198859,0.198859
0.198859,0.198859
0.198858,0.198858
0.198856,0.198856
0.198855,0.198855
0.198855,0.198855
0.198855,0.198855
0.198855,0.198855
0.198852,0.198852
0.19885,0.19885
0.198847,0.198847
0.19884,0.19884
0.198836,0.198836
0.198834,0.198834
0.198831,0.198831
0.198829,0.198829
0.198828,0.198828
0.198827,0.198827
0.198824,0.198824
0.198822,0.198822
0.198818,0.198818
0.198812,0.198812
0.198809,0.198809
0.198807,0.198807
0.198805,0.198805
0.198804,0.198804
0.198803,0.198803
0.198799,0.198799
0.198798,0.198798
0.198795,0.198795
0.198794,0.198794
0.198792,0.198792
0.198791,0.198791
0.198789,0.198789
0.198788,0.198788
0.198788,0.198788
0.198787,0.198787
0.198786,0.198786
0.198784,0.198784
0.198779,0.198779
0.198778,0.198778
0.198775,0.198775
0.198773,0.198773
0.198772,0.198772
0.198772,0.198772
0.198768,0.198768
0.198768,0.198768
0.198765,0.198765
0.198759,0.198759
0.198758,0.198758
0.198756,0.198756
0.198753,0.198753
0.198752,0.198752
0.19875,0.19875
0.198749,0.198749
0.198748,0.198748
0.198747,0.198747
0.198741,0.198741
0.198738,0.198738
0.198734,0.198734
0.198734,0.198734
0.198732,0.198732
0.19873,0.19873
0.19873,0.19873
0.19873,0.19873
0.198725,0.198725
0.198723,0.198723
0.198721,0.198721
0.198721,0.198721
0.198721,0.198721
0.198721,0.198721
0.19872,0.19872
0.198717,0.198717
0.198714,0.198714
0.198705,0.198705
0.198704,0.198704
0.198702,0.198702
0.198697,0.198697
0.198697,0.198697
0.198695,0.198695
0.198694,0.198694
0.198693,0.198693
0.198692,0.198692
0.198691,0.198691
0.198687,0.198687
0.198687,0.198687
0.198687,0.198687
0.198685,0.198685
0.198681,0.198681
0.198678,0.198678
0.198675,0.198675
0.198666,0.198666
0.198665,0.198665
0.198664,0.198664
0.198657,0.198657
0.198654,0.198654
0.198648,0.198648
0.198646,0.198646
0.198645,0.198645
0.198641,0.198641
0.198637,0.198637
0.198634,0.198634
0.198634,0.198634
0.198631,0.198631
0.19863,0.19863
0.198629,0.198629
0.198621,0.198621
0.19862,0.19862
0.198619,0.198619
0.198617,0.198617
0.198616,0.198616
0.198611,0.198611
0.198609,0.198609
0.198608,0.198608
0.198608,0.198608
0.198606,0.198606
0.198601,0.198601
0.1986,0.1986
0.198599,0.198599
0.198598,0.198598
0.198592,0.198592
0.198591,0.198591
0.198588,0.198588
0.198587,0.198587
0.198583,0.198583
0.198579,0.198579
0.198579,0.198579
0.198578,0.198578
0.198578,0.198578
0.198576,0.198576
0.198575,0.198575
0.198573,0.198573
0.198567,0.198567
0.198565,0.198565
0.198565,0.198565
0.198564,0.198564
0.198564,0.198564
0.198563,0.198563
0.198561,0.198561
0.198559,0.198559
0.198556,0.198556
0.198555,0.198555
0.198555,0.198555
0.198553,0.198553
0.198553,0.198553
0.198552,0.198552
0.198547,0.198547
0.198544,0.198544
0.198542,0.198542
0.198539,0.198539
0.198538,0.198538
0.198536,0.198536
0.198534,0.198534
0.198527,0.198527
0.198526,0.198526
0.198526,0.198526
0.198524,0.198524
0.198521,0.198521
0.19852,0.19852
0.198518,0.198518
0.198518,0.198518
0.198518,0.198518
0.198515,0.198515
0.198515,0.198515
0.198512,0.198512
0.198509,0.198509
0.198508,0.198508
0.198508,0.198508
0.198505,0.198505
0.198502,0.198502
0.198496,0.198496
0.198495,0.198495
0.198494,0.198494
0.198493,0.198493
0.19849,0.19849
0.198484,0.198484
0.198484,0.198484
0.198483,0.198483
0.198477,0.198477
0.198475,0.198475
0.198473,0.198473
0.198471,0.198471
0.198451,0.198451
0.198448,0.198448
0.198448,0.198448
0.198442,0.198442
0.198437,0.198437
0.198437,0.198437
0.198436,0.198436
0.198436,0.198436
0.198433,0.198433
0.19843,0.19843
0.19843,0.19843
0.198419,0.198419
0.198411,0.198411
0.19841,0.19841
0.198409,0.198409
0.198409,0.198409
0.198406,0.198406
0.198403,0.198403
0.198402,0.198402
0.198402,0.198402
0.198398,0.198398
0.198395,0.198395
0.198391,0.198391
0.198387,0.198387
0.198387,0.198387
0.198387,0.198387
0.198386,0.198386
0.198381,0.198381
0.198379,0.198379
0.198374,0.198374
0.198372,0.198372
0.198371,0.198371
0.198369,0.198369
0.198362,0.198362
0.198358,0.198358
0.198353,0.198353
0.198351,0.198351
0.198344,0.198344
0.19834,0.19834
0.198337,0.198337
0.198336,0.198336
0.198336,0.198336
0.198331,0.198331
0.198327,0.198327
0.198327,0.198327
0.198327,0.198327
0.198327,0.198327
0.198326,0.198326
0.198326,0.198326
0.198323,0.198323
0.198321,0.198321
0.19832,0.19832
0.198319,0.198319
0.198315,0.198315
0.198309,0.198309
0.198306,0.198306
0.198301,0.198301
0.1983,0.1983
0.198299,0.198299
0.198297,0.198297
0.198293,0.198293
0.198288,0.198288
0.198284,0.198284
0.198277,0.198277
0.198275,0.198275
0.198273,0.198273
0.198272,0.198272
0.198272,0.198272
0.198272,0.198272
0.198271,0.198271
0.198269,0.198269
0.198265,0.198265
0.198263,0.198263
0.198257,0.198257
0.198253,0.198253
0.198252,0.198252
0.198251,0.198251
0.198244,0.198244
0.198244,0.198244
0.198243,0.198243
0.198241,0.198241
0.198239,0.198239
0.198236,0.198236
0.198236,0.198236
0.198234,0.198234
0.198231,0.198231
0.198227,0.198227
0.19822,0.19822
0.198215,0.198215
0.198215,0.198215
0.198209,0.198209
0.198208,0.198208
0.198202,0.198202
0.198197,0.198197
0.198195,0.198195
0.198193,0.198193
0.198187,0.198187
0.198186,0.198186
0.198184,0.198184
0.198183,0.198183
0.198179,0.198179
0.198178,0.198178
0.198176,0.198176
0.198175,0.198175
0.198172,0.198172
0.19817,0.19817
0.198168,0.198168
0.198168,0.198168
0.198167,0.198167
0.198166,0.198166
0.19816,0.19816
0.198159,0.198159
0.19815,0.19815
0.19815,0.19815
0.198143,0.198143
0.198135,0.198135
0.198134,0.198134
0.198132,0.198132
0.198131,0.198131
0.198124,0.198124
0.198121,0.198121
0.198118,0.198118
0.198115,0.198115
0.198113,0.198113
0.198112,0.198112
0.198108,0.198108
0.198108,0.198108
0.198106,0.198106
0.198106,0.198106
0.198104,0.198104
0.198101,0.198101
0.198098,0.198098
0.198097,0.198097
0.198095,0.198095
0.198086,0.198086
0.198084,0.198084
0.198079,0.198079
0.198076,0.198076
0.198075,0.198075
0.198074,0.198074
0.198074,0.198074
0.198073,0.198073
0.19807,0.19807
0.198065,0.198065
0.198065,0.198065
0.198058,0.198058
0.198056,0.198056
0.198051,0.198051
0.198051,0.198051
0.19805,0.19805
0.198047,0.198047
0.198041,0.198041
0.198038,0.198038
0.198036,0.198036
0.198035,0.198035
0.198033,0.198033
0.198031,0.198031
0.198016,0.198016
0.198011,0.198011
0.198007,0.198007
0.198003,0.198003
0.198002,0.198002
0.197993,0.197993
0.197992,0.197992
0.197989,0.197989
0.197985,0.197985
0.197985,0.197985
0.197983,0.197983
0.197982,0.197982
0.197981,0.197981
0.197972,0.197972
0.197959,0.197959
0.197956,0.197956
0.197955,0.197955
0.19795,0.19795
0.197945,0.197945
0.197945,0.197945
0.197943,0.197943
0.197934,0.197934
0.197933,0.197933
0.197932,0.197932
0.19793,0.19793
0.19792,0.19792
0.197916,0.197916
0.197914,0.197914
0.197911,0.197911
0.197908,0.197908
0.197907,0.197907
0.197907,0.197907
0.197893,0.197893
0.197892,0.197892
0.197891,0.197891
0.197888,0.197888
0.197876,0.197876
0.197873,0.197873
0.197872,0.197872
0.197869,0.197869
0.197869,0.197869
0.197867,0.197867
0.197864,0.197864
0.197862,0.197862
0.197859,0.197859
0.197859,0.197859
0.197848,0.197848
0.197847,0.197847
0.197843,0.197843
0.197842,0.197842
0.197836,0.197836
0.197836,0.197836
0.197829,0.197829
0.197828,0.197828
0.197824,0.197824
0.197823,0.197823
0.19782,0.19782
0.197811,0.197811
0.197805,0.197805
0.197804,0.197804
0.197789,0.197789
0.197783,0.197783
0.19778,0.19778
0.19778,0.19778
0.197778,0.197778
0.197776,0.197776
0.197774,0.197774
0.197764,0.197764
0.197756,0.197756
0.197755,0.197755
0.197754,0.197754
0.197749,0.197749
0.197749,0.197749
0.197744,0.197744
0.197744,0.197744
0.19774,0.19774
0.197739,0.197739
0.197737,0.197737
0.197736,0.197736
0.197729,0.197729
0.197725,0.197725
0.197724,0.197724
0.197721,0.197721
0.197711,0.197711
0.19771,0.19771
0.197708,0.197708
0.197707,0.197707
0.197704,0.197704
0.197704,0.197704
0.197699,0.197699
0.197697,0.197697
0.197691,0.197691
0.197689,0.197689
0.197689,0.197689
0.197683,0.197683
0.197681,0.197681
0.19768,0.19768
0.197675,0.197675
0.197664,0.197664
0.197664,0.197664
0.197655,0.197655
0.197651,0.197651
0.197651,0.197651
0.197649,0.197649
0.197649,0.197649
0.197648,0.197648
0.197647,0.197647
0.197645,0.197645
0.197645,0.197645
0.197643,0.197643
0.197639,0.197639
0.197633,0.197633
0.19763,0.19763
0.197619,0.197619
0.197614,0.197614
0.197608,0.197608
0.197603,0.197603
0.197592,0.197592
0.19759,0.19759
0.197586,0.197586
0.197583,0.197583
0.197582,0.197582
0.197579,0.197579
0.197578,0.197578
0.197574,0.197574
0.197559,0.197559
0.197558,0.197558
0.197553,0.197553
0.197551,0.197551
0.197546,0.197546
0.197543,0.197543
0.197541,0.197541
0.197536,0.197536
0.197532,0.197532
0.197528,0.197528
0.197528,0.197528
0.197525,0.197525
0.19752,0.19752
0.197518,0.197518
0.197512,0.197512
0.19751,0.19751
0.197487,0.197487
0.197478,0.197478
0.197477,0.197477
0.197463,0.197463
0.197459,0.197459
0.197455,0.197455
0.19745,0.19745
0.197449,0.197449
0.197448,0.197448
0.197445,0.197445
0.197444,0.197444
0.197438,0.197438
0.197425,0.197425
0.197425,0.197425
0.197416,0.197416
0.19741,0.19741
0.197408,0.197408
0.197397,0.197397
0.197396,0.197396
0.197388,0.197388
0.197387,0.197387
0.197378,0.197378
0.197366,0.197366
0.197363,0.197363
0.197362,0.197362
0.19736,0.19736
0.197354,0.197354
0.197339,0.197339
0.197338,0.197338
0.197331,0.197331
0.197331,0.197331
0.197328,0.197328
0.197322,0.197322
0.197318,0.197318
0.197316,0.197316
0.197297,0.197297
0.197291,0.197291
0.19729,0.19729
0.197279,0.197279
0.197277,0.197277
0.197277,0.197277
0.197257,0.197257
0.197255,0.197255
0.197252,0.197252
0.197252,0.197252
0.197251,0.197251
0.197251,0.197251
0.19725,0.19725
0.197248,0.197248
0.197245,0.197245
0.197242,0.197242
0.197239,0.197239
0.197234,0.197234
0.197228,0.197228
0.197214,0.197214
0.197213,0.197213
0.197204,0.197204
0.197192,0.197192
0.197189,0.197189
0.197188,0.197188
0.197178,0.197178
0.197168,0.197168
0.197149,0.197149
0.197138,0.197138
0.197133,0.197133
0.197133,0.197133
0.197122,0.197122
0.197122,0.197122
0.19712,0.19712
0.197113,0.197113
0.197112,0.197112
0.19711,0.19711
0.197102,0.197102
0.197098,0.197098
0.197085,0.197085
0.197067,0.197067
0.197063,0.197063
0.197054,0.197054
0.197053,0.197053
0.197045,0.197045
0.197042,0.197042
0.197039,0.197039
0.197033,0.197033
0.197026,0.197026
0.197025,0.197025
0.197005,0.197005
0.196986,0.196986
0.196985,0.196985
0.196956,0.196956
0.196954,0.196954
0.196952,0.196952
0.19695,0.19695
0.196933,0.196933
0.19693,0.19693
0.196924,0.196924
0.196922,0.196922
0.196892,0.196892
0.196886,0.196886
0.196872,0.196872
0.19687,0.19687
0.196851,0.196851
0.196848,0.196848
0.196844,0.196844
0.196815,0.196815
0.196808,0.196808
0.196805,0.196805
0.196792,0.196792
0.196782,0.196782
0.196768,0.196768
0.196768,0.196768
0.196765,0.196765
0.196753,0.196753
0.196732,0.196732
0.196729,0.196729
0.196723,0.196723
0.196716,0.196716
0.196716,0.196716
0.19671,0.19671
0.196709,0.196709
0.196703,0.196703
0.19669,0.19669
0.196668,0.196668
0.196667,0.196667
0.196643,0.196643
0.196643,0.196643
0.196632,0.196632
0.196628,0.196628
0.196625,0.196625
0.196619,0.196619
0.196616,0.196616
0.196611,0.196611
0.196604,0.196604
0.196591,0.196591
0.196582,0.196582
0.196577,0.196577
0.196566,0.196566
0.196552,0.196552
0.196547,0.196547
0.196542,0.196542
0.19653,0.19653
0.196528,0.196528
0.196523,0.196523
0.196518,0.196518
0.19651,0.19651
0.196497,0.196497
0.196476,0.196476
0.196476,0.196476
0.196469,0.196469
0.196463,0.196463
0.196432,0.196432
0.19643,0.19643
0.196428,0.196428
0.196424,0.196424
0.196411,0.196411
0.196408,0.196408
0.196388,0.196388
0.196387,0.196387
0.196386,0.196386
0.196364,0.196364
0.19634,0.19634
0.19633,0.19633
0.196312,0.196312
0.19629,0.19629
0.196288,0.196288
0.196265,0.196265
0.196244,0.196244
0.196236,0.196236
0.196235,0.196235
0.196232,0.196232
0.196228,0.196228
0.196211,0.196211
0.196198,0.196198
0.196198,0.196198
0.196168,0.196168
0.196166,0.196166
0.196136,0.196136
0.196106,0.196106
0.19609,0.19609
0.196071,0.196071
0.196067,0.196067
0.196063,0.196063
0.196033,0.196033
0.19602,0.19602
0.196006,0.196006
0.19599,0.19599
0.195989,0.195989
0.195979,0.195979
0.19597,0.19597
0.195968,0.195968
0.195935,0.195935
0.195922,0.195922
0.195836,0.195836
0.195793,0.195793
0.195789,0.195789
0.195718,0.195718
0.195705,0.195705
0.195672,0.195672
0.195665,0.195665
0.195658,0.195658
0.195648,0.195648
0.195643,0.195643
0.195641,0.195641
0.195627,0.195627
0.195607,0.195607
0.195596,0.195596
0.195566,0.195566
0.195564,0.195564
0.19555,0.19555
0.195546,0.195546
0.19552,0.19552
0.195471,0.195471
0.195436,0.195436
0.195432,0.195432
0.19543,0.19543
0.195427,0.195427
0.195413,0.195413
0.195388,0.195388
0.195357,0.195357
0.195241,0.195241
0.195196,0.195196
0.19513,0.19513
0.195108,0.195108
0.195085,0.195085
0.195077,0.195077
0.195075,0.195075
0.195054,0.195054
0.195039,0.195039
0.194891,0.194891
0.194833,0.194833
0.194776,0.194776
0.194694,0.194694
0.194619,0.194619
0.194467,0.194467
0.194169,0.194169
0.194122,0.194122
